1440

1.07379 -0.006762 -1.19256 1 0 -0.46498 -0.719077 0.516404
0.943248 -0.006762 -1.29827 1 1 -0.40846 -0.719077 0.562181
1.18396 -0.006762 -1.62959 0 1 0.422315 -0.695486 -0.581286
1.19256 -0.006762 -1.07379 1 0 -0.516404 -0.719077 0.46498
1.07379 -0.006762 -1.19256 1 1 -0.46498 -0.719077 0.516404
1.34781 -0.006762 -1.4969 0 1 0.480758 -0.695486 -0.533952
1.29827 -0.006762 -0.943252 1 0 -0.562181 -0.719077 0.40846
1.19256 -0.006762 -1.07379 1 1 -0.516404 -0.719077 0.46498
1.49689 -0.006762 -1.34782 0 1 0.533952 -0.695486 -0.480758
1.38976 -0.006762 -0.802379 1 0 -0.601825 -0.719077 0.347453
1.29827 -0.006762 -0.943252 1 1 -0.562181 -0.719077 0.40846
1.62958 -0.006762 -1.18396 0 1 0.581286 -0.695486 -0.422315
1.46601 -0.006762 -0.652715 1 0 -0.634846 -0.719077 0.282632
1.38976 -0.006762 -0.802379 1 1 -0.601825 -0.719077 0.347453
1.74441 -0.006762 -1.00714 0 1 0.622242 -0.695486 -0.359233
1.52621 -0.006762 -0.495899 1 0 -0.660909 -0.719077 0.214728
1.46601 -0.006762 -0.652715 1 1 -0.634846 -0.719077 0.282632
1.84013 -0.006762 -0.819284 0 1 0.656392 -0.695486 -0.292245
1.56968 -0.006762 -0.33365 1 0 -0.679739 -0.719077 0.144475
1.52621 -0.006762 -0.495899 1 1 -0.660909 -0.719077 0.214728
1.91569 -0.006762 -0.62245 0 1 0.68334 -0.695486 -0.222022
1.59596 -0.006762 -0.167746 1 0 -0.691092 -0.719077 0.072634
1.56968 -0.006762 -0.33365 1 1 -0.679739 -0.719077 0.144475
1.97026 -0.006762 -0.418796 0 1 0.70278 -0.695486 -0.149388
1.60475 -0.006762 -4e-006 1 0 -0.694906 -0.719077 -0
1.59596 -0.006762 -0.167746 1 1 -0.691092 -0.719077 0.072634
2.00324 -0.006762 -0.210555 0 1 0.71456 -0.695486 -0.075106
1.59596 -0.006762 0.167738 1 0 -0.691092 -0.719077 -0.072634
1.60475 -0.006762 -4e-006 1 1 -0.694906 -0.719077 -0
2.01428 -0.006762 -6e-006 0 1 0.718497 -0.695486 -0
1.56969 -0.006762 0.333643 1 0 -0.679739 -0.719077 -0.144475
1.59596 -0.006762 0.167738 1 1 -0.691092 -0.719077 -0.072634
2.00324 -0.006762 0.210543 0 1 0.71456 -0.695486 0.075076
1.52621 -0.006762 0.495892 1 0 -0.660909 -0.719077 -0.214728
1.56969 -0.006762 0.333643 1 1 -0.679739 -0.719077 -0.144475
1.97026 -0.006762 0.418785 0 1 0.70278 -0.695486 0.149358
1.46602 -0.006762 0.652708 1 0 -0.634846 -0.719077 -0.282632
1.52621 -0.006762 0.495892 1 1 -0.660909 -0.719077 -0.214728
1.91569 -0.006762 0.622439 0 1 0.68334 -0.695486 0.222022
1.38976 -0.006762 0.802372 1 0 -0.601825 -0.719077 -0.347453
1.46602 -0.006762 0.652708 1 1 -0.634846 -0.719077 -0.282632
1.84013 -0.006762 0.819273 0 1 0.656392 -0.695486 0.292215
1.29828 -0.006762 0.943246 1 0 -0.562181 -0.719077 -0.40846
1.38976 -0.006762 0.802372 1 1 -0.601825 -0.719077 -0.347453
1.74442 -0.006762 1.00713 0 1 0.622242 -0.695486 0.359233
1.19257 -0.006762 1.07379 1 0 -0.516434 -0.719077 -0.46498
1.29828 -0.006762 0.943246 1 1 -0.562181 -0.719077 -0.40846
1.62959 -0.006762 1.18395 0 1 0.581286 -0.695486 0.422315
1.34782 -0.006762 1.49689 0 0 0.480758 -0.695486 0.533952
1.19257 -0.006762 1.07379 1 1 -0.516434 -0.719077 -0.46498
1.4969 -0.006762 1.34781 0 1 0.533952 -0.695486 0.480758
0.943255 -0.006762 1.29827 1 0 -0.40846 -0.719077 -0.562181
1.07379 -0.006762 1.19256 1 1 -0.46498 -0.719077 -0.516404
1.34782 -0.006762 1.49689 0 1 0.480758 -0.695486 0.533952
1.00714 -0.006762 1.74441 0 0 0.359233 -0.695486 0.622242
0.943255 -0.006762 1.29827 1 1 -0.40846 -0.719077 -0.562181
1.18397 -0.006762 1.62958 0 1 0.422315 -0.695486 0.581256
0.652718 -0.006762 1.46601 1 0 -0.282632 -0.719077 -0.634846
0.802382 -0.006762 1.38975 1 1 -0.347453 -0.719077 -0.601794
1.00714 -0.006762 1.74441 0 1 0.359233 -0.695486 0.622242
0.622453 -0.006762 1.91569 0 0 0.222022 -0.695486 0.68334
0.652718 -0.006762 1.46601 1 1 -0.282632 -0.719077 -0.634846
0.819287 -0.006762 1.84013 0 1 0.292245 -0.695486 0.656362
0.333654 -0.006762 1.56968 1 0 -0.144475 -0.719077 -0.679739
0.495902 -0.006762 1.52621 1 1 -0.214728 -0.719077 -0.660909
0.622453 -0.006762 1.91569 0 1 0.222022 -0.695486 0.68334
0.210558 -0.006762 2.00324 0 0 0.075106 -0.695486 0.71456
0.333654 -0.006762 1.56968 1 1 -0.144475 -0.719077 -0.679739
0.4188 -0.006762 1.97026 0 1 0.149388 -0.695486 0.70278
0 -0.006762 2.01428 0 0 0 -0.695486 0.718497
0.167749 -0.006762 1.59596 1 1 -0.072634 -0.719077 -0.691092
0.210558 -0.006762 2.00324 0 1 0.075106 -0.695486 0.71456
-0.210549 -0.006762 2.00324 0 0 -0.075076 -0.695486 0.71456
-0 -0.006762 1.60475 1 1 0 -0.719077 -0.694906
0 -0.006762 2.01428 0 1 0 -0.695486 0.718497
-0.418791 -0.006762 1.97026 0 0 -0.149358 -0.695486 0.70278
-0.167742 -0.006762 1.59596 1 1 0.072634 -0.719077 -0.691092
-0.210549 -0.006762 2.00324 0 1 -0.075076 -0.695486 0.71456
-0.622445 -0.006762 1.91569 0 0 -0.222022 -0.695486 0.68334
-0.333647 -0.006762 1.56969 1 1 0.144475 -0.719077 -0.679739
-0.418791 -0.006762 1.97026 0 1 -0.149358 -0.695486 0.70278
-0.819279 -0.006762 1.84013 0 0 -0.292215 -0.695486 0.656392
-0.495896 -0.006762 1.52621 1 1 0.214728 -0.719077 -0.660909
-0.622445 -0.006762 1.91569 0 1 -0.222022 -0.695486 0.68334
-1.00714 -0.006762 1.74441 0 0 -0.359233 -0.695486 0.622242
-0.652712 -0.006762 1.46601 1 1 0.282632 -0.719077 -0.634846
-0.819279 -0.006762 1.84013 0 1 -0.292215 -0.695486 0.656392
-1.18396 -0.006762 1.62958 0 0 -0.422315 -0.695486 0.581286
-0.802377 -0.006762 1.38976 1 1 0.347453 -0.719077 -0.601825
-1.00714 -0.006762 1.74441 0 1 -0.359233 -0.695486 0.622242
-1.34781 -0.006762 1.4969 0 0 -0.480758 -0.695486 0.533952
-0.94325 -0.006762 1.29827 1 1 0.40846 -0.719077 -0.562181
-1.18396 -0.006762 1.62958 0 1 -0.422315 -0.695486 0.581286
-1.4969 -0.006762 1.34781 0 0 -0.533952 -0.695486 0.480758
-1.07379 -0.006762 1.19256 1 1 0.46498 -0.719077 -0.516404
-1.34781 -0.006762 1.4969 0 1 -0.480758 -0.695486 0.533952
-1.62958 -0.006762 1.18396 0 0 -0.581286 -0.695486 0.422315
-1.19256 -0.006762 1.07379 1 1 0.516404 -0.719077 -0.46498
-1.4969 -0.006762 1.34781 0 1 -0.533952 -0.695486 0.480758
-1.74441 -0.006762 1.00714 0 0 -0.622242 -0.695486 0.359233
-1.29827 -0.006762 0.943251 1 1 0.562181 -0.719077 -0.40846
-1.62958 -0.006762 1.18396 0 1 -0.581286 -0.695486 0.422315
-1.84013 -0.006762 0.819279 0 0 -0.656392 -0.695486 0.292215
-1.38976 -0.006762 0.802377 1 1 0.601825 -0.719077 -0.347453
-1.74441 -0.006762 1.00714 0 1 -0.622242 -0.695486 0.359233
-1.91569 -0.006762 0.622445 0 0 -0.68334 -0.695486 0.222022
-1.46601 -0.006762 0.652712 1 1 0.634846 -0.719077 -0.282632
-1.84013 -0.006762 0.819279 0 1 -0.656392 -0.695486 0.292215
-1.97026 -0.006762 0.418791 0 0 -0.702811 -0.695486 0.149358
-1.52621 -0.006762 0.495896 1 1 0.660909 -0.719077 -0.214728
-1.91569 -0.006762 0.622445 0 1 -0.68334 -0.695486 0.222022
-2.00324 -0.006762 0.210549 0 0 -0.71456 -0.695486 0.075076
-1.56968 -0.006762 0.333647 1 1 0.679739 -0.719077 -0.144475
-1.97026 -0.006762 0.418791 0 1 -0.702811 -0.695486 0.149358
-2.01428 -0.006762 -0 0 0 -0.718497 -0.695486 -0
-1.59596 -0.006762 0.167743 1 1 0.691092 -0.719077 -0.072634
-2.00324 -0.006762 0.210549 0 1 -0.71456 -0.695486 0.075076
-2.00324 -0.006762 -0.210549 0 0 -0.71456 -0.695486 -0.075076
-1.60475 -0.006762 0 1 1 0.694906 -0.719077 -0
-2.01428 -0.006762 -0 0 1 -0.718497 -0.695486 -0
-1.97026 -0.006762 -0.418791 0 0 -0.70278 -0.695486 -0.149358
-1.59596 -0.006762 -0.167742 1 1 0.691122 -0.719077 0.072634
-2.00324 -0.006762 -0.210549 0 1 -0.71456 -0.695486 -0.075076
-1.91569 -0.006762 -0.622445 0 0 -0.68334 -0.695486 -0.222022
-1.56968 -0.006762 -0.333646 1 1 0.679739 -0.719077 0.144475
-1.97026 -0.006762 -0.418791 0 1 -0.70278 -0.695486 -0.149358
-1.84013 -0.006762 -0.819279 0 0 -0.656392 -0.695486 -0.292215
-1.52621 -0.006762 -0.495895 1 1 0.660909 -0.719077 0.214728
-1.91569 -0.006762 -0.622445 0 1 -0.68334 -0.695486 -0.222022
-1.74441 -0.006762 -1.00714 0 0 -0.622242 -0.695486 -0.359233
-1.46601 -0.006762 -0.652711 1 1 0.634846 -0.719077 0.282632
-1.84013 -0.006762 -0.819279 0 1 -0.656392 -0.695486 -0.292215
-1.62958 -0.006762 -1.18396 0 0 -0.581286 -0.695486 -0.422315
-1.38976 -0.006762 -0.802376 1 1 0.601825 -0.719077 0.347453
-1.74441 -0.006762 -1.00714 0 1 -0.622242 -0.695486 -0.359233
-1.4969 -0.006762 -1.34781 0 0 -0.533952 -0.695486 -0.480758
-1.29827 -0.006762 -0.94325 1 1 0.562181 -0.719077 0.40846
-1.62958 -0.006762 -1.18396 0 1 -0.581286 -0.695486 -0.422315
-1.34781 -0.006762 -1.4969 0 0 -0.480758 -0.695486 -0.533952
-1.19256 -0.006762 -1.07379 1 1 0.516404 -0.719077 0.46498
-1.4969 -0.006762 -1.34781 0 1 -0.533952 -0.695486 -0.480758
-1.18396 -0.006762 -1.62958 0 0 -0.422315 -0.695486 -0.581286
-1.07379 -0.006762 -1.19256 1 1 0.46498 -0.719077 0.516404
-1.34781 -0.006762 -1.4969 0 1 -0.480758 -0.695486 -0.533952
-1.00714 -0.006762 -1.74441 0 0 -0.359233 -0.695486 -0.622242
-0.943251 -0.006762 -1.29827 1 1 0.40846 -0.719077 0.562181
-1.18396 -0.006762 -1.62958 0 1 -0.422315 -0.695486 -0.581286
-0.819281 -0.006762 -1.84013 0 0 -0.292245 -0.695486 -0.656392
-0.802377 -0.006762 -1.38976 1 1 0.347453 -0.719077 0.601825
-1.00714 -0.006762 -1.74441 0 1 -0.359233 -0.695486 -0.622242
-0.622447 -0.006762 -1.91569 0 0 -0.222022 -0.695486 -0.68334
-0.652713 -0.006762 -1.46601 1 1 0.282632 -0.719077 0.634846
-0.819281 -0.006762 -1.84013 0 1 -0.292245 -0.695486 -0.656392
-0.418793 -0.006762 -1.97026 0 0 -0.149358 -0.695486 -0.702811
-0.495897 -0.006762 -1.52621 1 1 0.214728 -0.719077 0.660909
-0.622447 -0.006762 -1.91569 0 1 -0.222022 -0.695486 -0.68334
-0.210551 -0.006762 -2.00324 0 0 -0.075076 -0.695486 -0.71456
-0.333648 -0.006762 -1.56968 1 1 0.144475 -0.719077 0.679739
-0.418793 -0.006762 -1.97026 0 1 -0.149358 -0.695486 -0.702811
-2e-006 -0.006762 -2.01428 0 0 0 -0.695486 -0.718497
-0.167744 -0.006762 -1.59596 1 1 0.072634 -0.719077 0.691122
-0.210551 -0.006762 -2.00324 0 1 -0.075076 -0.695486 -0.71456
0.210547 -0.006762 -2.00324 0 0 0.075076 -0.695486 -0.71456
-2e-006 -0.006762 -1.60475 1 1 0 -0.719077 0.694906
-2e-006 -0.006762 -2.01428 0 1 0 -0.695486 -0.718497
0.418789 -0.006762 -1.97026 0 0 0.149358 -0.695486 -0.702811
0.16774 -0.006762 -1.59596 1 1 -0.072634 -0.719077 0.691092
0.210547 -0.006762 -2.00324 0 1 0.075076 -0.695486 -0.71456
0.622442 -0.006762 -1.91569 0 0 0.222022 -0.695486 -0.68334
0.333645 -0.006762 -1.56968 1 1 -0.144475 -0.719077 0.679739
0.418789 -0.006762 -1.97026 0 1 0.149358 -0.695486 -0.702811
0.819276 -0.006762 -1.84013 0 0 0.292215 -0.695486 -0.656392
0.495894 -0.006762 -1.52621 1 1 -0.214728 -0.719077 0.660909
0.622442 -0.006762 -1.91569 0 1 0.222022 -0.695486 -0.68334
0.802374 -0.006762 -1.38976 1 0 -0.347453 -0.719077 0.601825
0.652709 -0.006762 -1.46601 1 1 -0.282632 -0.719077 0.634846
0.819276 -0.006762 -1.84013 0 1 0.292215 -0.695486 -0.656392
1.18396 -0.006762 -1.62959 0 0 0.422315 -0.695486 -0.581286
0.802374 -0.006762 -1.38976 1 1 -0.347453 -0.719077 0.601825
1.00713 -0.006762 -1.74442 0 1 0.359233 -0.695486 -0.622242
1.07379 -0.003937 -1.19256 1 0 -0.46498 0.719077 0.516404
1.34781 -0.003937 -1.4969 0 0 0.480758 0.695486 -0.533952
1.18396 -0.003937 -1.62959 0 1 0.422315 0.695486 -0.581286
1.19256 -0.003937 -1.07379 1 0 -0.516404 0.719077 0.46498
1.49689 -0.003937 -1.34782 0 0 0.533952 0.695486 -0.480758
1.34781 -0.003937 -1.4969 0 1 0.480758 0.695486 -0.533952
1.29827 -0.003937 -0.943252 1 0 -0.562181 0.719077 0.40846
1.62958 -0.003937 -1.18396 0 0 0.581286 0.695486 -0.422315
1.49689 -0.003937 -1.34782 0 1 0.533952 0.695486 -0.480758
1.38976 -0.003937 -0.802379 1 0 -0.601825 0.719077 0.347453
1.74441 -0.003937 -1.00714 0 0 0.622242 0.695486 -0.359233
1.62958 -0.003937 -1.18396 0 1 0.581286 0.695486 -0.422315
1.46601 -0.003937 -0.652715 1 0 -0.634846 0.719077 0.282632
1.84013 -0.003937 -0.819284 0 0 0.656362 0.695486 -0.292245
1.74441 -0.003937 -1.00714 0 1 0.622242 0.695486 -0.359233
1.52621 -0.003937 -0.495899 1 0 -0.660909 0.719077 0.214728
1.91569 -0.003937 -0.62245 0 0 0.68334 0.695486 -0.222022
1.84013 -0.003937 -0.819284 0 1 0.656362 0.695486 -0.292245
1.56968 -0.003937 -0.33365 1 0 -0.679739 0.719077 0.144475
1.97026 -0.003937 -0.418796 0 0 0.702811 0.695486 -0.149388
1.91569 -0.003937 -0.62245 0 1 0.68334 0.695486 -0.222022
1.59596 -0.003937 -0.167746 1 0 -0.691092 0.719077 0.072634
2.00324 -0.003937 -0.210555 0 0 0.71456 0.695486 -0.075106
1.97026 -0.003937 -0.418796 0 1 0.702811 0.695486 -0.149388
1.60475 -0.003937 -4e-006 1 0 -0.694906 0.719077 -0
2.01428 -0.003937 -6e-006 0 0 0.718497 0.695486 -0
2.00324 -0.003937 -0.210555 0 1 0.71456 0.695486 -0.075106
1.59596 -0.003937 0.167738 1 0 -0.691092 0.719077 -0.072634
2.00324 -0.003937 0.210543 0 0 0.71456 0.695486 0.075076
2.01428 -0.003937 -6e-006 0 1 0.718497 0.695486 -0
1.56969 -0.003937 0.333643 1 0 -0.679739 0.719077 -0.144475
1.97026 -0.003937 0.418785 0 0 0.702811 0.695486 0.149358
2.00324 -0.003937 0.210543 0 1 0.71456 0.695486 0.075076
1.52621 -0.003937 0.495892 1 0 -0.660909 0.719077 -0.214728
1.91569 -0.003937 0.622439 0 0 0.68334 0.695486 0.222022
1.97026 -0.003937 0.418785 0 1 0.702811 0.695486 0.149358
1.46602 -0.003937 0.652708 1 0 -0.634846 0.719077 -0.282632
1.84013 -0.003937 0.819273 0 0 0.656392 0.695486 0.292215
1.91569 -0.003937 0.622439 0 1 0.68334 0.695486 0.222022
1.38976 -0.003937 0.802372 1 0 -0.601825 0.719077 -0.347453
1.74442 -0.003937 1.00713 0 0 0.622242 0.695486 0.359233
1.84013 -0.003937 0.819273 0 1 0.656392 0.695486 0.292215
1.29828 -0.003937 0.943246 1 0 -0.562181 0.719077 -0.40846
1.62959 -0.003937 1.18395 0 0 0.581286 0.695486 0.422315
1.74442 -0.003937 1.00713 0 1 0.622242 0.695486 0.359233
1.19257 -0.003937 1.07379 1 0 -0.516434 0.719077 -0.46498
1.4969 -0.003937 1.34781 0 0 0.533952 0.695486 0.480758
1.62959 -0.003937 1.18395 0 1 0.581286 0.695486 0.422315
1.19257 -0.003937 1.07379 1 1 -0.516434 0.719077 -0.46498
1.34782 -0.003937 1.49689 0 0 0.480758 0.695486 0.533952
1.4969 -0.003937 1.34781 0 1 0.533952 0.695486 0.480758
0.943255 -0.003937 1.29827 1 0 -0.40846 0.719077 -0.562181
1.18397 -0.003937 1.62958 0 0 0.422315 0.695486 0.581286
1.34782 -0.003937 1.49689 0 1 0.480758 0.695486 0.533952
0.943255 -0.003937 1.29827 1 1 -0.40846 0.719077 -0.562181
1.00714 -0.003937 1.74441 0 0 0.359233 0.695486 0.622242
1.18397 -0.003937 1.62958 0 1 0.422315 0.695486 0.581286
0.652718 -0.003937 1.46601 1 0 -0.282632 0.719077 -0.634846
0.819287 -0.003937 1.84013 0 0 0.292245 0.695486 0.656392
1.00714 -0.003937 1.74441 0 1 0.359233 0.695486 0.622242
0.652718 -0.003937 1.46601 1 1 -0.282632 0.719077 -0.634846
0.622453 -0.003937 1.91569 0 0 0.222022 0.695486 0.68334
0.819287 -0.003937 1.84013 0 1 0.292245 0.695486 0.656392
0.333654 -0.003937 1.56968 1 0 -0.144475 0.719077 -0.679739
0.4188 -0.003937 1.97026 0 0 0.149388 0.695486 0.70278
0.622453 -0.003937 1.91569 0 1 0.222022 0.695486 0.68334
0.333654 -0.003937 1.56968 1 1 -0.144475 0.719077 -0.679739
0.210558 -0.003937 2.00324 0 0 0.075106 0.695486 0.71456
0.4188 -0.003937 1.97026 0 1 0.149388 0.695486 0.70278
0.167749 -0.003937 1.59596 1 1 -0.072634 0.719077 -0.691122
0 -0.003937 2.01428 0 0 0 0.695486 0.718497
0.210558 -0.003937 2.00324 0 1 0.075106 0.695486 0.71456
-0 -0.003937 1.60475 1 1 0 0.719077 -0.694906
-0.210549 -0.003937 2.00324 0 0 -0.075076 0.695486 0.71456
0 -0.003937 2.01428 0 1 0 0.695486 0.718497
-0.167742 -0.003937 1.59596 1 1 0.072634 0.719077 -0.691122
-0.418791 -0.003937 1.97026 0 0 -0.149358 0.695486 0.702811
-0.210549 -0.003937 2.00324 0 1 -0.075076 0.695486 0.71456
-0.333647 -0.003937 1.56969 1 1 0.144475 0.719077 -0.679739
-0.622445 -0.003937 1.91569 0 0 -0.222022 0.695486 0.68334
-0.418791 -0.003937 1.97026 0 1 -0.149358 0.695486 0.702811
-0.495896 -0.003937 1.52621 1 1 0.214728 0.719077 -0.660909
-0.819279 -0.003937 1.84013 0 0 -0.292215 0.695486 0.656392
-0.622445 -0.003937 1.91569 0 1 -0.222022 0.695486 0.68334
-0.652712 -0.003937 1.46601 1 1 0.282632 0.719077 -0.634846
-1.00714 -0.003937 1.74441 0 0 -0.359233 0.695486 0.622242
-0.819279 -0.003937 1.84013 0 1 -0.292215 0.695486 0.656392
-0.802377 -0.003937 1.38976 1 1 0.347453 0.719077 -0.601825
-1.18396 -0.003937 1.62958 0 0 -0.422315 0.695486 0.581286
-1.00714 -0.003937 1.74441 0 1 -0.359233 0.695486 0.622242
-0.94325 -0.003937 1.29827 1 1 0.40846 0.719077 -0.562181
-1.34781 -0.003937 1.4969 0 0 -0.480758 0.695486 0.533952
-1.18396 -0.003937 1.62958 0 1 -0.422315 0.695486 0.581286
-1.07379 -0.003937 1.19256 1 1 0.46498 0.719077 -0.516404
-1.4969 -0.003937 1.34781 0 0 -0.533952 0.695486 0.480758
-1.34781 -0.003937 1.4969 0 1 -0.480758 0.695486 0.533952
-1.19256 -0.003937 1.07379 1 1 0.516404 0.719077 -0.46498
-1.62958 -0.003937 1.18396 0 0 -0.581286 0.695486 0.422315
-1.4969 -0.003937 1.34781 0 1 -0.533952 0.695486 0.480758
-1.29827 -0.003937 0.943251 1 1 0.562181 0.719077 -0.40846
-1.74441 -0.003937 1.00714 0 0 -0.622242 0.695486 0.359233
-1.62958 -0.003937 1.18396 0 1 -0.581286 0.695486 0.422315
-1.38976 -0.003937 0.802377 1 1 0.601825 0.719077 -0.347453
-1.84013 -0.003937 0.819279 0 0 -0.656392 0.695486 0.292215
-1.74441 -0.003937 1.00714 0 1 -0.622242 0.695486 0.359233
-1.46601 -0.003937 0.652712 1 1 0.634846 0.719077 -0.282632
-1.91569 -0.003937 0.622445 0 0 -0.68334 0.695486 0.222022
-1.84013 -0.003937 0.819279 0 1 -0.656392 0.695486 0.292215
-1.52621 -0.003937 0.495896 1 1 0.660909 0.719077 -0.214728
-1.97026 -0.003937 0.418791 0 0 -0.70278 0.695486 0.149358
-1.91569 -0.003937 0.622445 0 1 -0.68334 0.695486 0.222022
-1.56968 -0.003937 0.333647 1 1 0.679739 0.719077 -0.144475
-2.00324 -0.003937 0.210549 0 0 -0.71456 0.695486 0.075076
-1.97026 -0.003937 0.418791 0 1 -0.70278 0.695486 0.149358
-1.59596 -0.003937 0.167743 1 1 0.691122 0.719077 -0.072634
-2.01428 -0.003937 -0 0 0 -0.718497 0.695486 -0
-2.00324 -0.003937 0.210549 0 1 -0.71456 0.695486 0.075076
-1.60475 -0.003937 0 1 1 0.694906 0.719077 -0
-2.00324 -0.003937 -0.210549 0 0 -0.71456 0.695486 -0.075076
-2.01428 -0.003937 -0 0 1 -0.718497 0.695486 -0
-1.59596 -0.003937 -0.167742 1 1 0.691122 0.719077 0.072634
-1.97026 -0.003937 -0.418791 0 0 -0.70278 0.695486 -0.149358
-2.00324 -0.003937 -0.210549 0 1 -0.71456 0.695486 -0.075076
-1.56968 -0.003937 -0.333646 1 1 0.679739 0.719077 0.144475
-1.91569 -0.003937 -0.622445 0 0 -0.68334 0.695486 -0.222022
-1.97026 -0.003937 -0.418791 0 1 -0.70278 0.695486 -0.149358
-1.52621 -0.003937 -0.495895 1 1 0.660909 0.719077 0.214728
-1.84013 -0.003937 -0.819279 0 0 -0.656392 0.695486 -0.292215
-1.91569 -0.003937 -0.622445 0 1 -0.68334 0.695486 -0.222022
-1.46601 -0.003937 -0.652711 1 1 0.634846 0.719077 0.282632
-1.74441 -0.003937 -1.00714 0 0 -0.622242 0.695486 -0.359233
-1.84013 -0.003937 -0.819279 0 1 -0.656392 0.695486 -0.292215
-1.38976 -0.003937 -0.802376 1 1 0.601825 0.719077 0.347453
-1.62958 -0.003937 -1.18396 0 0 -0.581286 0.695486 -0.422315
-1.74441 -0.003937 -1.00714 0 1 -0.622242 0.695486 -0.359233
-1.29827 -0.003937 -0.94325 1 1 0.562181 0.719077 0.40846
-1.4969 -0.003937 -1.34781 0 0 -0.533952 0.695486 -0.480758
-1.62958 -0.003937 -1.18396 0 1 -0.581286 0.695486 -0.422315
-1.19256 -0.003937 -1.07379 1 1 0.516404 0.719077 0.46498
-1.34781 -0.003937 -1.4969 0 0 -0.480758 0.695486 -0.533952
-1.4969 -0.003937 -1.34781 0 1 -0.533952 0.695486 -0.480758
-1.07379 -0.003937 -1.19256 1 1 0.46498 0.719077 0.516404
-1.18396 -0.003937 -1.62958 0 0 -0.422315 0.695486 -0.581286
-1.34781 -0.003937 -1.4969 0 1 -0.480758 0.695486 -0.533952
-0.943251 -0.003937 -1.29827 1 1 0.40846 0.719077 0.562181
-1.00714 -0.003937 -1.74441 0 0 -0.359233 0.695486 -0.622242
-1.18396 -0.003937 -1.62958 0 1 -0.422315 0.695486 -0.581286
-0.802377 -0.003937 -1.38976 1 1 0.347453 0.719077 0.601825
-0.819281 -0.003937 -1.84013 0 0 -0.292245 0.695486 -0.656392
-1.00714 -0.003937 -1.74441 0 1 -0.359233 0.695486 -0.622242
-0.652713 -0.003937 -1.46601 1 1 0.282632 0.719077 0.634846
-0.622447 -0.003937 -1.91569 0 0 -0.222022 0.695486 -0.68334
-0.819281 -0.003937 -1.84013 0 1 -0.292245 0.695486 -0.656392
-0.495897 -0.003937 -1.52621 1 1 0.214728 0.719077 0.660909
-0.418793 -0.003937 -1.97026 0 0 -0.149358 0.695486 -0.70278
-0.622447 -0.003937 -1.91569 0 1 -0.222022 0.695486 -0.68334
-0.333648 -0.003937 -1.56968 1 1 0.144475 0.719077 0.679739
-0.210551 -0.003937 -2.00324 0 0 -0.075076 0.695486 -0.71456
-0.418793 -0.003937 -1.97026 0 1 -0.149358 0.695486 -0.70278
-0.167744 -0.003937 -1.59596 1 1 0.072634 0.719077 0.691092
-2e-006 -0.003937 -2.01428 0 0 0 0.695486 -0.718497
-0.210551 -0.003937 -2.00324 0 1 -0.075076 0.695486 -0.71456
-2e-006 -0.003937 -1.60475 1 1 0 0.719077 0.694906
0.210547 -0.003937 -2.00324 0 0 0.075076 0.695486 -0.71456
-2e-006 -0.003937 -2.01428 0 1 0 0.695486 -0.718497
0.16774 -0.003937 -1.59596 1 1 -0.072634 0.719077 0.691092
0.418789 -0.003937 -1.97026 0 0 0.149358 0.695486 -0.70278
0.210547 -0.003937 -2.00324 0 1 0.075076 0.695486 -0.71456
0.333645 -0.003937 -1.56968 1 1 -0.144475 0.719077 0.679739
0.622442 -0.003937 -1.91569 0 0 0.222022 0.695486 -0.68334
0.418789 -0.003937 -1.97026 0 1 0.149358 0.695486 -0.70278
0.495894 -0.003937 -1.52621 1 1 -0.214728 0.719077 0.660909
0.819276 -0.003937 -1.84013 0 0 0.292215 0.695486 -0.656392
0.622442 -0.003937 -1.91569 0 1 0.222022 0.695486 -0.68334
0.802374 -0.003937 -1.38976 1 0 -0.347453 0.719077 0.601825
1.00713 -0.003937 -1.74442 0 0 0.359233 0.695486 -0.622242
0.819276 -0.003937 -1.84013 0 1 0.292215 0.695486 -0.656392
0.802374 -0.003937 -1.38976 1 1 -0.347453 0.719077 0.601825
1.18396 -0.003937 -1.62959 0 0 0.422315 0.695486 -0.581286
1.00713 -0.003937 -1.74442 0 1 0.359233 0.695486 -0.622242
0.819287 -0.006762 1.84013 1 1 0.292245 -0.695486 0.656362
0.622453 -0.003937 1.91569 0 0 0.222022 0.695486 0.68334
0.622453 -0.006762 1.91569 0 1 0.222022 -0.695486 0.68334
-2.00324 -0.006762 -0.210549 1 1 -0.71456 -0.695486 -0.075076
-1.97026 -0.003937 -0.418791 0 0 -0.70278 0.695486 -0.149358
-1.97026 -0.006762 -0.418791 0 1 -0.70278 -0.695486 -0.149358
-0.943251 -0.006762 -1.29827 1 1 0.40846 -0.719077 0.562181
-1.07379 -0.003937 -1.19256 0 0 0.46498 0.719077 0.516404
-1.07379 -0.006762 -1.19256 0 1 0.46498 -0.719077 0.516404
1.29828 -0.006762 0.943246 1 1 -0.562181 -0.719077 -0.40846
1.38976 -0.003937 0.802372 0 0 -0.601825 0.719077 -0.347453
1.38976 -0.006762 0.802372 0 1 -0.601825 -0.719077 -0.347453
1.97026 -0.006762 -0.418796 1 1 0.70278 -0.695486 -0.149388
2.00324 -0.003937 -0.210555 0 0 0.71456 0.695486 -0.075106
2.00324 -0.006762 -0.210555 0 1 0.71456 -0.695486 -0.075106
-1.46601 -0.006762 0.652712 1 1 0.634846 -0.719077 -0.282632
-1.38976 -0.003937 0.802377 0 0 0.601825 0.719077 -0.347453
-1.38976 -0.006762 0.802377 0 1 0.601825 -0.719077 -0.347453
-0.622445 -0.006762 1.91569 1 1 -0.222022 -0.695486 0.68334
-0.819279 -0.003937 1.84013 0 0 -0.292215 0.695486 0.656392
-0.819279 -0.006762 1.84013 0 1 -0.292215 -0.695486 0.656392
1.19256 -0.006762 -1.07379 1 1 -0.516404 -0.719077 0.46498
1.07379 -0.003937 -1.19256 0 0 -0.46498 0.719077 0.516404
1.07379 -0.006762 -1.19256 0 1 -0.46498 -0.719077 0.516404
-2e-006 -0.006762 -2.01428 1 1 0 -0.695486 -0.718497
0.210547 -0.003937 -2.00324 0 0 0.075076 0.695486 -0.71456
0.210547 -0.006762 -2.00324 0 1 0.075076 -0.695486 -0.71456
0.622453 -0.006762 1.91569 1 1 0.222022 -0.695486 0.68334
0.4188 -0.003937 1.97026 0 0 0.149388 0.695486 0.70278
0.4188 -0.006762 1.97026 0 1 0.149388 -0.695486 0.70278
-0.802377 -0.006762 -1.38976 1 1 0.347453 -0.719077 0.601825
-0.943251 -0.003937 -1.29827 0 0 0.40846 0.719077 0.562181
-0.943251 -0.006762 -1.29827 0 1 0.40846 -0.719077 0.562181
-1.97026 -0.006762 -0.418791 1 1 -0.70278 -0.695486 -0.149358
-1.91569 -0.003937 -0.622445 0 0 -0.68334 0.695486 -0.222022
-1.91569 -0.006762 -0.622445 0 1 -0.68334 -0.695486 -0.222022
1.19257 -0.006762 1.07379 1 1 -0.516434 -0.719077 -0.46498
1.29828 -0.003937 0.943246 0 0 -0.562181 0.719077 -0.40846
1.29828 -0.006762 0.943246 0 1 -0.562181 -0.719077 -0.40846
2.00324 -0.006762 -0.210555 1 1 0.71456 -0.695486 -0.075106
2.01428 -0.003937 -6e-006 0 0 0.718497 0.695486 -0
2.01428 -0.006762 -6e-006 0 1 0.718497 -0.695486 -0
-1.52621 -0.006762 0.495896 1 1 0.660909 -0.719077 -0.214728
-1.46601 -0.003937 0.652712 0 0 0.634846 0.719077 -0.282632
-1.46601 -0.006762 0.652712 0 1 0.634846 -0.719077 -0.282632
-0.819279 -0.006762 1.84013 1 1 -0.292215 -0.695486 0.656392
-1.00714 -0.003937 1.74441 0 0 -0.359233 0.695486 0.622242
-1.00714 -0.006762 1.74441 0 1 -0.359233 -0.695486 0.622242
0.210547 -0.006762 -2.00324 1 1 0.075076 -0.695486 -0.71456
0.418789 -0.003937 -1.97026 0 0 0.149358 0.695486 -0.70278
0.418789 -0.006762 -1.97026 0 1 0.149358 -0.695486 -0.702811
1.29827 -0.006762 -0.943252 1 1 -0.562181 -0.719077 0.40846
1.19256 -0.003937 -1.07379 0 0 -0.516404 0.719077 0.46498
1.19256 -0.006762 -1.07379 0 1 -0.516404 -0.719077 0.46498
0.4188 -0.006762 1.97026 1 1 0.149388 -0.695486 0.70278
0.210558 -0.003937 2.00324 0 0 0.075106 0.695486 0.71456
0.210558 -0.006762 2.00324 0 1 0.075106 -0.695486 0.71456
-0.652713 -0.006762 -1.46601 1 1 0.282632 -0.719077 0.634846
-0.802377 -0.003937 -1.38976 0 0 0.347453 0.719077 0.601825
-0.802377 -0.006762 -1.38976 0 1 0.347453 -0.719077 0.601825
-1.91569 -0.006762 -0.622445 1 1 -0.68334 -0.695486 -0.222022
-1.84013 -0.003937 -0.819279 0 0 -0.656392 0.695486 -0.292215
-1.84013 -0.006762 -0.819279 0 1 -0.656392 -0.695486 -0.292215
1.07379 -0.006762 1.19256 1 1 -0.46498 -0.719077 -0.516404
1.19257 -0.003937 1.07379 0 0 -0.516434 0.719077 -0.46498
1.19257 -0.006762 1.07379 0 1 -0.516434 -0.719077 -0.46498
2.01428 -0.006762 -6e-006 1 1 0.718497 -0.695486 -0
2.00324 -0.003937 0.210543 0 0 0.71456 0.695486 0.075076
2.00324 -0.006762 0.210543 0 1 0.71456 -0.695486 0.075076
-1.56968 -0.006762 0.333647 1 1 0.679739 -0.719077 -0.144475
-1.52621 -0.003937 0.495896 0 0 0.660909 0.719077 -0.214728
-1.52621 -0.006762 0.495896 0 1 0.660909 -0.719077 -0.214728
-1.00714 -0.006762 1.74441 1 1 -0.359233 -0.695486 0.622242
-1.18396 -0.003937 1.62958 0 0 -0.422315 0.695486 0.581286
-1.18396 -0.006762 1.62958 0 1 -0.422315 -0.695486 0.581286
1.38976 -0.006762 -0.802379 1 1 -0.601825 -0.719077 0.347453
1.29827 -0.003937 -0.943252 0 0 -0.562181 0.719077 0.40846
1.29827 -0.006762 -0.943252 0 1 -0.562181 -0.719077 0.40846
0.418789 -0.006762 -1.97026 1 1 0.149358 -0.695486 -0.702811
0.622442 -0.003937 -1.91569 0 0 0.222022 0.695486 -0.68334
0.622442 -0.006762 -1.91569 0 1 0.222022 -0.695486 -0.68334
0.210558 -0.006762 2.00324 1 1 0.075106 -0.695486 0.71456
0 -0.003937 2.01428 0 0 0 0.695486 0.718497
0 -0.006762 2.01428 0 1 0 -0.695486 0.718497
-0.495897 -0.006762 -1.52621 1 1 0.214728 -0.719077 0.660909
-0.652713 -0.003937 -1.46601 0 0 0.282632 0.719077 0.634846
-0.652713 -0.006762 -1.46601 0 1 0.282632 -0.719077 0.634846
-1.84013 -0.006762 -0.819279 1 1 -0.656392 -0.695486 -0.292215
-1.74441 -0.003937 -1.00714 0 0 -0.622242 0.695486 -0.359233
-1.74441 -0.006762 -1.00714 0 1 -0.622242 -0.695486 -0.359233
0.943255 -0.006762 1.29827 1 1 -0.40846 -0.719077 -0.562181
1.07379 -0.003937 1.19256 0 0 -0.46498 0.719077 -0.516404
1.07379 -0.006762 1.19256 0 1 -0.46498 -0.719077 -0.516404
2.00324 -0.006762 0.210543 1 1 0.71456 -0.695486 0.075076
1.97026 -0.003937 0.418785 0 0 0.702811 0.695486 0.149358
1.97026 -0.006762 0.418785 0 1 0.70278 -0.695486 0.149358
-1.59596 -0.006762 0.167743 1 1 0.691092 -0.719077 -0.072634
-1.56968 -0.003937 0.333647 0 0 0.679739 0.719077 -0.144475
-1.56968 -0.006762 0.333647 0 1 0.679739 -0.719077 -0.144475
-1.18396 -0.006762 1.62958 1 1 -0.422315 -0.695486 0.581286
-1.34781 -0.003937 1.4969 0 0 -0.480758 0.695486 0.533952
-1.34781 -0.006762 1.4969 0 1 -0.480758 -0.695486 0.533952
1.46601 -0.006762 -0.652715 1 1 -0.634846 -0.719077 0.282632
1.38976 -0.003937 -0.802379 0 0 -0.601825 0.719077 0.347453
1.38976 -0.006762 -0.802379 0 1 -0.601825 -0.719077 0.347453
0.622442 -0.006762 -1.91569 1 1 0.222022 -0.695486 -0.68334
0.819276 -0.003937 -1.84013 0 0 0.292215 0.695486 -0.656392
0.819276 -0.006762 -1.84013 0 1 0.292215 -0.695486 -0.656392
-0.167742 -0.006762 1.59596 1 1 0.072634 -0.719077 -0.691092
-0 -0.003937 1.60475 0 0 0 0.719077 -0.694906
-0 -0.006762 1.60475 0 1 0 -0.719077 -0.694906
-0.333648 -0.006762 -1.56968 1 1 0.144475 -0.719077 0.679739
-0.495897 -0.003937 -1.52621 0 0 0.214728 0.719077 0.660909
-0.495897 -0.006762 -1.52621 0 1 0.214728 -0.719077 0.660909
-1.74441 -0.006762 -1.00714 1 1 -0.622242 -0.695486 -0.359233
-1.62958 -0.003937 -1.18396 0 0 -0.581286 0.695486 -0.422315
-1.62958 -0.006762 -1.18396 0 1 -0.581286 -0.695486 -0.422315
0.802382 -0.006762 1.38975 1 1 -0.347453 -0.719077 -0.601794
0.943255 -0.003937 1.29827 0 0 -0.40846 0.719077 -0.562181
0.943255 -0.006762 1.29827 0 1 -0.40846 -0.719077 -0.562181
1.97026 -0.006762 0.418785 1 1 0.70278 -0.695486 0.149358
1.91569 -0.003937 0.622439 0 0 0.68334 0.695486 0.222022
1.91569 -0.006762 0.622439 0 1 0.68334 -0.695486 0.222022
-1.60475 -0.006762 0 1 1 0.694906 -0.719077 -0
-1.59596 -0.003937 0.167743 0 0 0.691122 0.719077 -0.072634
-1.59596 -0.006762 0.167743 0 1 0.691092 -0.719077 -0.072634
-1.34781 -0.006762 1.4969 1 1 -0.480758 -0.695486 0.533952
-1.4969 -0.003937 1.34781 0 0 -0.533952 0.695486 0.480758
-1.4969 -0.006762 1.34781 0 1 -0.533952 -0.695486 0.480758
1.52621 -0.006762 -0.495899 1 1 -0.660909 -0.719077 0.214728
1.46601 -0.003937 -0.652715 0 0 -0.634846 0.719077 0.282632
1.46601 -0.006762 -0.652715 0 1 -0.634846 -0.719077 0.282632
0.819276 -0.006762 -1.84013 1 1 0.292215 -0.695486 -0.656392
1.00713 -0.003937 -1.74442 0 0 0.359233 0.695486 -0.622242
1.00713 -0.006762 -1.74442 0 1 0.359233 -0.695486 -0.622242
-0.333647 -0.006762 1.56969 1 1 0.144475 -0.719077 -0.679739
-0.167742 -0.003937 1.59596 0 0 0.072634 0.719077 -0.691122
-0.167742 -0.006762 1.59596 0 1 0.072634 -0.719077 -0.691092
-0.167744 -0.006762 -1.59596 1 1 0.072634 -0.719077 0.691122
-0.333648 -0.003937 -1.56968 0 0 0.144475 0.719077 0.679739
-0.333648 -0.006762 -1.56968 0 1 0.144475 -0.719077 0.679739
-1.62958 -0.006762 -1.18396 1 1 -0.581286 -0.695486 -0.422315
-1.4969 -0.003937 -1.34781 0 0 -0.533952 0.695486 -0.480758
-1.4969 -0.006762 -1.34781 0 1 -0.533952 -0.695486 -0.480758
0.652718 -0.006762 1.46601 1 1 -0.282632 -0.719077 -0.634846
0.802382 -0.003937 1.38975 0 0 -0.347453 0.719077 -0.601794
0.802382 -0.006762 1.38975 0 1 -0.347453 -0.719077 -0.601794
1.91569 -0.006762 0.622439 1 1 0.68334 -0.695486 0.222022
1.84013 -0.003937 0.819273 0 0 0.656392 0.695486 0.292215
1.84013 -0.006762 0.819273 0 1 0.656392 -0.695486 0.292215
-1.59596 -0.006762 -0.167742 1 1 0.691122 -0.719077 0.072634
-1.60475 -0.003937 0 0 0 0.694906 0.719077 -0
-1.60475 -0.006762 0 0 1 0.694906 -0.719077 -0
-1.4969 -0.006762 1.34781 1 1 -0.533952 -0.695486 0.480758
-1.62958 -0.003937 1.18396 0 0 -0.581286 0.695486 0.422315
-1.62958 -0.006762 1.18396 0 1 -0.581286 -0.695486 0.422315
1.56968 -0.006762 -0.33365 1 1 -0.679739 -0.719077 0.144475
1.52621 -0.003937 -0.495899 0 0 -0.660909 0.719077 0.214728
1.52621 -0.006762 -0.495899 0 1 -0.660909 -0.719077 0.214728
1.00713 -0.006762 -1.74442 1 1 0.359233 -0.695486 -0.622242
1.18396 -0.003937 -1.62959 0 0 0.422315 0.695486 -0.581286
1.18396 -0.006762 -1.62959 0 1 0.422315 -0.695486 -0.581286
-0.495896 -0.006762 1.52621 1 1 0.214728 -0.719077 -0.660909
-0.333647 -0.003937 1.56969 0 0 0.144475 0.719077 -0.679739
-0.333647 -0.006762 1.56969 0 1 0.144475 -0.719077 -0.679739
-2e-006 -0.006762 -1.60475 1 1 0 -0.719077 0.694906
-0.167744 -0.003937 -1.59596 0 0 0.072634 0.719077 0.691092
-0.167744 -0.006762 -1.59596 0 1 0.072634 -0.719077 0.691122
-1.4969 -0.006762 -1.34781 1 1 -0.533952 -0.695486 -0.480758
-1.34781 -0.003937 -1.4969 0 0 -0.480758 0.695486 -0.533952
-1.34781 -0.006762 -1.4969 0 1 -0.480758 -0.695486 -0.533952
0.495902 -0.006762 1.52621 1 1 -0.214728 -0.719077 -0.660909
0.652718 -0.003937 1.46601 0 0 -0.282632 0.719077 -0.634846
0.652718 -0.006762 1.46601 0 1 -0.282632 -0.719077 -0.634846
1.84013 -0.006762 0.819273 1 1 0.656392 -0.695486 0.292215
1.74442 -0.003937 1.00713 0 0 0.622242 0.695486 0.359233
1.74442 -0.006762 1.00713 0 1 0.622242 -0.695486 0.359233
-1.56968 -0.006762 -0.333646 1 1 0.679739 -0.719077 0.144475
-1.59596 -0.003937 -0.167742 0 0 0.691122 0.719077 0.072634
-1.59596 -0.006762 -0.167742 0 1 0.691122 -0.719077 0.072634
-1.62958 -0.006762 1.18396 1 1 -0.581286 -0.695486 0.422315
-1.74441 -0.003937 1.00714 0 0 -0.622242 0.695486 0.359233
-1.74441 -0.006762 1.00714 0 1 -0.622242 -0.695486 0.359233
1.59596 -0.006762 -0.167746 1 1 -0.691092 -0.719077 0.072634
1.56968 -0.003937 -0.33365 0 0 -0.679739 0.719077 0.144475
1.56968 -0.006762 -0.33365 0 1 -0.679739 -0.719077 0.144475
1.18396 -0.006762 -1.62959 1 1 0.422315 -0.695486 -0.581286
1.34781 -0.003937 -1.4969 0 0 0.480758 0.695486 -0.533952
1.34781 -0.006762 -1.4969 0 1 0.480758 -0.695486 -0.533952
-0.652712 -0.006762 1.46601 1 1 0.282632 -0.719077 -0.634846
-0.495896 -0.003937 1.52621 0 0 0.214728 0.719077 -0.660909
-0.495896 -0.006762 1.52621 0 1 0.214728 -0.719077 -0.660909
0.16774 -0.006762 -1.59596 1 1 -0.072634 -0.719077 0.691092
-2e-006 -0.003937 -1.60475 0 0 0 0.719077 0.694906
-2e-006 -0.006762 -1.60475 0 1 0 -0.719077 0.694906
-1.34781 -0.006762 -1.4969 1 1 -0.480758 -0.695486 -0.533952
-1.18396 -0.003937 -1.62958 0 0 -0.422315 0.695486 -0.581286
-1.18396 -0.006762 -1.62958 0 1 -0.422315 -0.695486 -0.581286
0.333654 -0.006762 1.56968 1 1 -0.144475 -0.719077 -0.679739
0.495902 -0.003937 1.52621 0 0 -0.214728 0.719077 -0.660909
0.495902 -0.006762 1.52621 0 1 -0.214728 -0.719077 -0.660909
1.74442 -0.006762 1.00713 1 1 0.622242 -0.695486 0.359233
1.62959 -0.003937 1.18395 0 0 0.581286 0.695486 0.422315
1.62959 -0.006762 1.18395 0 1 0.581286 -0.695486 0.422315
-1.52621 -0.006762 -0.495895 1 1 0.660909 -0.719077 0.214728
-1.56968 -0.003937 -0.333646 0 0 0.679739 0.719077 0.144475
-1.56968 -0.006762 -0.333646 0 1 0.679739 -0.719077 0.144475
-1.74441 -0.006762 1.00714 1 1 -0.622242 -0.695486 0.359233
-1.84013 -0.003937 0.819279 0 0 -0.656392 0.695486 0.292215
-1.84013 -0.006762 0.819279 0 1 -0.656392 -0.695486 0.292215
1.60475 -0.006762 -4e-006 1 1 -0.694906 -0.719077 -0
1.59596 -0.003937 -0.167746 0 0 -0.691092 0.719077 0.072634
1.59596 -0.006762 -0.167746 0 1 -0.691092 -0.719077 0.072634
1.34781 -0.006762 -1.4969 1 1 0.480758 -0.695486 -0.533952
1.49689 -0.003937 -1.34782 0 0 0.533952 0.695486 -0.480758
1.49689 -0.006762 -1.34782 0 1 0.533952 -0.695486 -0.480758
-0.802377 -0.006762 1.38976 1 1 0.347453 -0.719077 -0.601825
-0.652712 -0.003937 1.46601 0 0 0.282632 0.719077 -0.634846
-0.652712 -0.006762 1.46601 0 1 0.282632 -0.719077 -0.634846
0.333645 -0.006762 -1.56968 1 1 -0.144475 -0.719077 0.679739
0.16774 -0.003937 -1.59596 0 0 -0.072634 0.719077 0.691092
0.16774 -0.006762 -1.59596 0 1 -0.072634 -0.719077 0.691092
-1.18396 -0.006762 -1.62958 1 1 -0.422315 -0.695486 -0.581286
-1.00714 -0.003937 -1.74441 0 0 -0.359233 0.695486 -0.622242
-1.00714 -0.006762 -1.74441 0 1 -0.359233 -0.695486 -0.622242
0.167749 -0.006762 1.59596 1 1 -0.072634 -0.719077 -0.691092
0.333654 -0.003937 1.56968 0 0 -0.144475 0.719077 -0.679739
0.333654 -0.006762 1.56968 0 1 -0.144475 -0.719077 -0.679739
1.62959 -0.006762 1.18395 1 1 0.581286 -0.695486 0.422315
1.4969 -0.003937 1.34781 0 0 0.533952 0.695486 0.480758
1.4969 -0.006762 1.34781 0 1 0.533952 -0.695486 0.480758
-1.46601 -0.006762 -0.652711 1 1 0.634846 -0.719077 0.282632
-1.52621 -0.003937 -0.495895 0 0 0.660909 0.719077 0.214728
-1.52621 -0.006762 -0.495895 0 1 0.660909 -0.719077 0.214728
-1.84013 -0.006762 0.819279 1 1 -0.656392 -0.695486 0.292215
-1.91569 -0.003937 0.622445 0 0 -0.68334 0.695486 0.222022
-1.91569 -0.006762 0.622445 0 1 -0.68334 -0.695486 0.222022
1.59596 -0.006762 0.167738 1 1 -0.691092 -0.719077 -0.072634
1.60475 -0.003937 -4e-006 0 0 -0.694906 0.719077 -0
1.60475 -0.006762 -4e-006 0 1 -0.694906 -0.719077 -0
1.49689 -0.006762 -1.34782 1 1 0.533952 -0.695486 -0.480758
1.62958 -0.003937 -1.18396 0 0 0.581286 0.695486 -0.422315
1.62958 -0.006762 -1.18396 0 1 0.581286 -0.695486 -0.422315
-0.94325 -0.006762 1.29827 1 1 0.40846 -0.719077 -0.562181
-0.802377 -0.003937 1.38976 0 0 0.347453 0.719077 -0.601825
-0.802377 -0.006762 1.38976 0 1 0.347453 -0.719077 -0.601825
0.495894 -0.006762 -1.52621 1 1 -0.214728 -0.719077 0.660909
0.333645 -0.003937 -1.56968 0 0 -0.144475 0.719077 0.679739
0.333645 -0.006762 -1.56968 0 1 -0.144475 -0.719077 0.679739
-1.00714 -0.006762 -1.74441 1 1 -0.359233 -0.695486 -0.622242
-0.819281 -0.003937 -1.84013 0 0 -0.292245 0.695486 -0.656392
-0.819281 -0.006762 -1.84013 0 1 -0.292245 -0.695486 -0.656392
-0 -0.006762 1.60475 1 1 0 -0.719077 -0.694906
0.167749 -0.003937 1.59596 0 0 -0.072634 0.719077 -0.691122
0.167749 -0.006762 1.59596 0 1 -0.072634 -0.719077 -0.691092
1.4969 -0.006762 1.34781 1 1 0.533952 -0.695486 0.480758
1.34782 -0.003937 1.49689 0 0 0.480758 0.695486 0.533952
1.34782 -0.006762 1.49689 0 1 0.480758 -0.695486 0.533952
-1.38976 -0.006762 -0.802376 1 1 0.601825 -0.719077 0.347453
-1.46601 -0.003937 -0.652711 0 0 0.634846 0.719077 0.282632
-1.46601 -0.006762 -0.652711 0 1 0.634846 -0.719077 0.282632
-1.91569 -0.006762 0.622445 1 1 -0.68334 -0.695486 0.222022
-1.97026 -0.003937 0.418791 0 0 -0.70278 0.695486 0.149358
-1.97026 -0.006762 0.418791 0 1 -0.702811 -0.695486 0.149358
1.56969 -0.006762 0.333643 1 1 -0.679739 -0.719077 -0.144475
1.59596 -0.003937 0.167738 0 0 -0.691092 0.719077 -0.072634
1.59596 -0.006762 0.167738 0 1 -0.691092 -0.719077 -0.072634
1.62958 -0.006762 -1.18396 1 1 0.581286 -0.695486 -0.422315
1.74441 -0.003937 -1.00714 0 0 0.622242 0.695486 -0.359233
1.74441 -0.006762 -1.00714 0 1 0.622242 -0.695486 -0.359233
-1.07379 -0.006762 1.19256 1 1 0.46498 -0.719077 -0.516404
-0.94325 -0.003937 1.29827 0 0 0.40846 0.719077 -0.562181
-0.94325 -0.006762 1.29827 0 1 0.40846 -0.719077 -0.562181
0.652709 -0.006762 -1.46601 1 1 -0.282632 -0.719077 0.634846
0.495894 -0.003937 -1.52621 0 0 -0.214728 0.719077 0.660909
0.495894 -0.006762 -1.52621 0 1 -0.214728 -0.719077 0.660909
-0.819281 -0.006762 -1.84013 1 1 -0.292245 -0.695486 -0.656392
-0.622447 -0.003937 -1.91569 0 0 -0.222022 0.695486 -0.68334
-0.622447 -0.006762 -1.91569 0 1 -0.222022 -0.695486 -0.68334
1.34782 -0.006762 1.49689 1 1 0.480758 -0.695486 0.533952
1.18397 -0.003937 1.62958 0 0 0.422315 0.695486 0.581286
1.18397 -0.006762 1.62958 0 1 0.422315 -0.695486 0.581256
-1.29827 -0.006762 -0.94325 1 1 0.562181 -0.719077 0.40846
-1.38976 -0.003937 -0.802376 0 0 0.601825 0.719077 0.347453
-1.38976 -0.006762 -0.802376 0 1 0.601825 -0.719077 0.347453
-1.97026 -0.006762 0.418791 1 1 -0.702811 -0.695486 0.149358
-2.00324 -0.003937 0.210549 0 0 -0.71456 0.695486 0.075076
-2.00324 -0.006762 0.210549 0 1 -0.71456 -0.695486 0.075076
1.52621 -0.006762 0.495892 1 1 -0.660909 -0.719077 -0.214728
1.56969 -0.003937 0.333643 0 0 -0.679739 0.719077 -0.144475
1.56969 -0.006762 0.333643 0 1 -0.679739 -0.719077 -0.144475
1.74441 -0.006762 -1.00714 1 1 0.622242 -0.695486 -0.359233
1.84013 -0.003937 -0.819284 0 0 0.656362 0.695486 -0.292245
1.84013 -0.006762 -0.819284 0 1 0.656392 -0.695486 -0.292245
-1.19256 -0.006762 1.07379 1 1 0.516404 -0.719077 -0.46498
-1.07379 -0.003937 1.19256 0 0 0.46498 0.719077 -0.516404
-1.07379 -0.006762 1.19256 0 1 0.46498 -0.719077 -0.516404
0 -0.006762 2.01428 1 1 0 -0.695486 0.718497
-0.210549 -0.003937 2.00324 0 0 -0.075076 0.695486 0.71456
-0.210549 -0.006762 2.00324 0 1 -0.075076 -0.695486 0.71456
0.802374 -0.006762 -1.38976 1 1 -0.347453 -0.719077 0.601825
0.652709 -0.003937 -1.46601 0 0 -0.282632 0.719077 0.634846
0.652709 -0.006762 -1.46601 0 1 -0.282632 -0.719077 0.634846
-0.622447 -0.006762 -1.91569 1 1 -0.222022 -0.695486 -0.68334
-0.418793 -0.003937 -1.97026 0 0 -0.149358 0.695486 -0.70278
-0.418793 -0.006762 -1.97026 0 1 -0.149358 -0.695486 -0.702811
1.18397 -0.006762 1.62958 1 1 0.422315 -0.695486 0.581256
1.00714 -0.003937 1.74441 0 0 0.359233 0.695486 0.622242
1.00714 -0.006762 1.74441 0 1 0.359233 -0.695486 0.622242
-1.19256 -0.006762 -1.07379 1 1 0.516404 -0.719077 0.46498
-1.29827 -0.003937 -0.94325 0 0 0.562181 0.719077 0.40846
-1.29827 -0.006762 -0.94325 0 1 0.562181 -0.719077 0.40846
-2.00324 -0.006762 0.210549 1 1 -0.71456 -0.695486 0.075076
-2.01428 -0.003937 -0 0 0 -0.718497 0.695486 -0
-2.01428 -0.006762 -0 0 1 -0.718497 -0.695486 -0
1.46602 -0.006762 0.652708 1 1 -0.634846 -0.719077 -0.282632
1.52621 -0.003937 0.495892 0 0 -0.660909 0.719077 -0.214728
1.52621 -0.006762 0.495892 0 1 -0.660909 -0.719077 -0.214728
1.84013 -0.006762 -0.819284 1 1 0.656392 -0.695486 -0.292245
1.91569 -0.003937 -0.62245 0 0 0.68334 0.695486 -0.222022
1.91569 -0.006762 -0.62245 0 1 0.68334 -0.695486 -0.222022
-1.29827 -0.006762 0.943251 1 1 0.562181 -0.719077 -0.40846
-1.19256 -0.003937 1.07379 0 0 0.516404 0.719077 -0.46498
-1.19256 -0.006762 1.07379 0 1 0.516404 -0.719077 -0.46498
-0.210549 -0.006762 2.00324 1 1 -0.075076 -0.695486 0.71456
-0.418791 -0.003937 1.97026 0 0 -0.149358 0.695486 0.702811
-0.418791 -0.006762 1.97026 0 1 -0.149358 -0.695486 0.70278
0.943248 -0.006762 -1.29827 1 1 -0.40846 -0.719077 0.562181
0.802374 -0.003937 -1.38976 0 0 -0.347453 0.719077 0.601825
0.802374 -0.006762 -1.38976 0 1 -0.347453 -0.719077 0.601825
-0.418793 -0.006762 -1.97026 1 1 -0.149358 -0.695486 -0.702811
-0.210551 -0.003937 -2.00324 0 0 -0.075076 0.695486 -0.71456
-0.210551 -0.006762 -2.00324 0 1 -0.075076 -0.695486 -0.71456
1.00714 -0.006762 1.74441 1 1 0.359233 -0.695486 0.622242
0.819287 -0.003937 1.84013 0 0 0.292245 0.695486 0.656392
0.819287 -0.006762 1.84013 0 1 0.292245 -0.695486 0.656362
-1.07379 -0.006762 -1.19256 1 1 0.46498 -0.719077 0.516404
-1.19256 -0.003937 -1.07379 0 0 0.516404 0.719077 0.46498
-1.19256 -0.006762 -1.07379 0 1 0.516404 -0.719077 0.46498
-2.01428 -0.006762 -0 1 1 -0.718497 -0.695486 -0
-2.00324 -0.003937 -0.210549 0 0 -0.71456 0.695486 -0.075076
-2.00324 -0.006762 -0.210549 0 1 -0.71456 -0.695486 -0.075076
1.38976 -0.006762 0.802372 1 1 -0.601825 -0.719077 -0.347453
1.46602 -0.003937 0.652708 0 0 -0.634846 0.719077 -0.282632
1.46602 -0.006762 0.652708 0 1 -0.634846 -0.719077 -0.282632
1.91569 -0.006762 -0.62245 1 1 0.68334 -0.695486 -0.222022
1.97026 -0.003937 -0.418796 0 0 0.702811 0.695486 -0.149388
1.97026 -0.006762 -0.418796 0 1 0.70278 -0.695486 -0.149388
-1.38976 -0.006762 0.802377 1 1 0.601825 -0.719077 -0.347453
-1.29827 -0.003937 0.943251 0 0 0.562181 0.719077 -0.40846
-1.29827 -0.006762 0.943251 0 1 0.562181 -0.719077 -0.40846
-0.418791 -0.006762 1.97026 1 1 -0.149358 -0.695486 0.70278
-0.622445 -0.003937 1.91569 0 0 -0.222022 0.695486 0.68334
-0.622445 -0.006762 1.91569 0 1 -0.222022 -0.695486 0.68334
1.07379 -0.006762 -1.19256 1 1 -0.46498 -0.719077 0.516404
0.943248 -0.003937 -1.29827 0 0 -0.40846 0.719077 0.562181
0.943248 -0.006762 -1.29827 0 1 -0.40846 -0.719077 0.562181
-0.210551 -0.006762 -2.00324 1 1 -0.075076 -0.695486 -0.71456
-2e-006 -0.003937 -2.01428 0 0 0 0.695486 -0.718497
-2e-006 -0.006762 -2.01428 0 1 0 -0.695486 -0.718497
1.07379 -0.006762 -1.19256 1 0 -0.46498 -0.719077 0.516404
1.18396 -0.006762 -1.62959 0 1 0.422315 -0.695486 -0.581286
1.34781 -0.006762 -1.4969 0 0 0.480758 -0.695486 -0.533952
1.19256 -0.006762 -1.07379 1 0 -0.516404 -0.719077 0.46498
1.34781 -0.006762 -1.4969 0 1 0.480758 -0.695486 -0.533952
1.49689 -0.006762 -1.34782 0 0 0.533952 -0.695486 -0.480758
1.29827 -0.006762 -0.943252 1 0 -0.562181 -0.719077 0.40846
1.49689 -0.006762 -1.34782 0 1 0.533952 -0.695486 -0.480758
1.62958 -0.006762 -1.18396 0 0 0.581286 -0.695486 -0.422315
1.38976 -0.006762 -0.802379 1 0 -0.601825 -0.719077 0.347453
1.62958 -0.006762 -1.18396 0 1 0.581286 -0.695486 -0.422315
1.74441 -0.006762 -1.00714 0 0 0.622242 -0.695486 -0.359233
1.46601 -0.006762 -0.652715 1 0 -0.634846 -0.719077 0.282632
1.74441 -0.006762 -1.00714 0 1 0.622242 -0.695486 -0.359233
1.84013 -0.006762 -0.819284 0 0 0.656392 -0.695486 -0.292245
1.52621 -0.006762 -0.495899 1 0 -0.660909 -0.719077 0.214728
1.84013 -0.006762 -0.819284 0 1 0.656392 -0.695486 -0.292245
1.91569 -0.006762 -0.62245 0 0 0.68334 -0.695486 -0.222022
1.56968 -0.006762 -0.33365 1 0 -0.679739 -0.719077 0.144475
1.91569 -0.006762 -0.62245 0 1 0.68334 -0.695486 -0.222022
1.97026 -0.006762 -0.418796 0 0 0.70278 -0.695486 -0.149388
1.59596 -0.006762 -0.167746 1 0 -0.691092 -0.719077 0.072634
1.97026 -0.006762 -0.418796 0 1 0.70278 -0.695486 -0.149388
2.00324 -0.006762 -0.210555 0 0 0.71456 -0.695486 -0.075106
1.60475 -0.006762 -4e-006 1 0 -0.694906 -0.719077 -0
2.00324 -0.006762 -0.210555 0 1 0.71456 -0.695486 -0.075106
2.01428 -0.006762 -6e-006 0 0 0.718497 -0.695486 -0
1.59596 -0.006762 0.167738 1 0 -0.691092 -0.719077 -0.072634
2.01428 -0.006762 -6e-006 0 1 0.718497 -0.695486 -0
2.00324 -0.006762 0.210543 0 0 0.71456 -0.695486 0.075076
1.56969 -0.006762 0.333643 1 0 -0.679739 -0.719077 -0.144475
2.00324 -0.006762 0.210543 0 1 0.71456 -0.695486 0.075076
1.97026 -0.006762 0.418785 0 0 0.70278 -0.695486 0.149358
1.52621 -0.006762 0.495892 1 0 -0.660909 -0.719077 -0.214728
1.97026 -0.006762 0.418785 0 1 0.70278 -0.695486 0.149358
1.91569 -0.006762 0.622439 0 0 0.68334 -0.695486 0.222022
1.46602 -0.006762 0.652708 1 0 -0.634846 -0.719077 -0.282632
1.91569 -0.006762 0.622439 0 1 0.68334 -0.695486 0.222022
1.84013 -0.006762 0.819273 0 0 0.656392 -0.695486 0.292215
1.38976 -0.006762 0.802372 1 0 -0.601825 -0.719077 -0.347453
1.84013 -0.006762 0.819273 0 1 0.656392 -0.695486 0.292215
1.74442 -0.006762 1.00713 0 0 0.622242 -0.695486 0.359233
1.29828 -0.006762 0.943246 1 0 -0.562181 -0.719077 -0.40846
1.74442 -0.006762 1.00713 0 1 0.622242 -0.695486 0.359233
1.62959 -0.006762 1.18395 0 0 0.581286 -0.695486 0.422315
1.19257 -0.006762 1.07379 1 0 -0.516434 -0.719077 -0.46498
1.62959 -0.006762 1.18395 0 1 0.581286 -0.695486 0.422315
1.4969 -0.006762 1.34781 0 0 0.533952 -0.695486 0.480758
1.34782 -0.006762 1.49689 0 0 0.480758 -0.695486 0.533952
1.07379 -0.006762 1.19256 1 0 -0.46498 -0.719077 -0.516404
1.19257 -0.006762 1.07379 1 1 -0.516434 -0.719077 -0.46498
0.943255 -0.006762 1.29827 1 0 -0.40846 -0.719077 -0.562181
1.34782 -0.006762 1.49689 0 1 0.480758 -0.695486 0.533952
1.18397 -0.006762 1.62958 0 0 0.422315 -0.695486 0.581256
1.00714 -0.006762 1.74441 0 0 0.359233 -0.695486 0.622242
0.802382 -0.006762 1.38975 1 0 -0.347453 -0.719077 -0.601794
0.943255 -0.006762 1.29827 1 1 -0.40846 -0.719077 -0.562181
0.652718 -0.006762 1.46601 1 0 -0.282632 -0.719077 -0.634846
1.00714 -0.006762 1.74441 0 1 0.359233 -0.695486 0.622242
0.819287 -0.006762 1.84013 0 0 0.292245 -0.695486 0.656362
0.622453 -0.006762 1.91569 0 0 0.222022 -0.695486 0.68334
0.495902 -0.006762 1.52621 1 0 -0.214728 -0.719077 -0.660909
0.652718 -0.006762 1.46601 1 1 -0.282632 -0.719077 -0.634846
0.333654 -0.006762 1.56968 1 0 -0.144475 -0.719077 -0.679739
0.622453 -0.006762 1.91569 0 1 0.222022 -0.695486 0.68334
0.4188 -0.006762 1.97026 0 0 0.149388 -0.695486 0.70278
0.210558 -0.006762 2.00324 0 0 0.075106 -0.695486 0.71456
0.167749 -0.006762 1.59596 1 0 -0.072634 -0.719077 -0.691092
0.333654 -0.006762 1.56968 1 1 -0.144475 -0.719077 -0.679739
0 -0.006762 2.01428 0 0 0 -0.695486 0.718497
-0 -0.006762 1.60475 1 0 0 -0.719077 -0.694906
0.167749 -0.006762 1.59596 1 1 -0.072634 -0.719077 -0.691092
-0.210549 -0.006762 2.00324 0 0 -0.075076 -0.695486 0.71456
-0.167742 -0.006762 1.59596 1 0 0.072634 -0.719077 -0.691092
-0 -0.006762 1.60475 1 1 0 -0.719077 -0.694906
-0.418791 -0.006762 1.97026 0 0 -0.149358 -0.695486 0.70278
-0.333647 -0.006762 1.56969 1 0 0.144475 -0.719077 -0.679739
-0.167742 -0.006762 1.59596 1 1 0.072634 -0.719077 -0.691092
-0.622445 -0.006762 1.91569 0 0 -0.222022 -0.695486 0.68334
-0.495896 -0.006762 1.52621 1 0 0.214728 -0.719077 -0.660909
-0.333647 -0.006762 1.56969 1 1 0.144475 -0.719077 -0.679739
-0.819279 -0.006762 1.84013 0 0 -0.292215 -0.695486 0.656392
-0.652712 -0.006762 1.46601 1 0 0.282632 -0.719077 -0.634846
-0.495896 -0.006762 1.52621 1 1 0.214728 -0.719077 -0.660909
-1.00714 -0.006762 1.74441 0 0 -0.359233 -0.695486 0.622242
-0.802377 -0.006762 1.38976 1 0 0.347453 -0.719077 -0.601825
-0.652712 -0.006762 1.46601 1 1 0.282632 -0.719077 -0.634846
-1.18396 -0.006762 1.62958 0 0 -0.422315 -0.695486 0.581286
-0.94325 -0.006762 1.29827 1 0 0.40846 -0.719077 -0.562181
-0.802377 -0.006762 1.38976 1 1 0.347453 -0.719077 -0.601825
-1.34781 -0.006762 1.4969 0 0 -0.480758 -0.695486 0.533952
-1.07379 -0.006762 1.19256 1 0 0.46498 -0.719077 -0.516404
-0.94325 -0.006762 1.29827 1 1 0.40846 -0.719077 -0.562181
-1.4969 -0.006762 1.34781 0 0 -0.533952 -0.695486 0.480758
-1.19256 -0.006762 1.07379 1 0 0.516404 -0.719077 -0.46498
-1.07379 -0.006762 1.19256 1 1 0.46498 -0.719077 -0.516404
-1.62958 -0.006762 1.18396 0 0 -0.581286 -0.695486 0.422315
-1.29827 -0.006762 0.943251 1 0 0.562181 -0.719077 -0.40846
-1.19256 -0.006762 1.07379 1 1 0.516404 -0.719077 -0.46498
-1.74441 -0.006762 1.00714 0 0 -0.622242 -0.695486 0.359233
-1.38976 -0.006762 0.802377 1 0 0.601825 -0.719077 -0.347453
-1.29827 -0.006762 0.943251 1 1 0.562181 -0.719077 -0.40846
-1.84013 -0.006762 0.819279 0 0 -0.656392 -0.695486 0.292215
-1.46601 -0.006762 0.652712 1 0 0.634846 -0.719077 -0.282632
-1.38976 -0.006762 0.802377 1 1 0.601825 -0.719077 -0.347453
-1.91569 -0.006762 0.622445 0 0 -0.68334 -0.695486 0.222022
-1.52621 -0.006762 0.495896 1 0 0.660909 -0.719077 -0.214728
-1.46601 -0.006762 0.652712 1 1 0.634846 -0.719077 -0.282632
-1.97026 -0.006762 0.418791 0 0 -0.702811 -0.695486 0.149358
-1.56968 -0.006762 0.333647 1 0 0.679739 -0.719077 -0.144475
-1.52621 -0.006762 0.495896 1 1 0.660909 -0.719077 -0.214728
-2.00324 -0.006762 0.210549 0 0 -0.71456 -0.695486 0.075076
-1.59596 -0.006762 0.167743 1 0 0.691092 -0.719077 -0.072634
-1.56968 -0.006762 0.333647 1 1 0.679739 -0.719077 -0.144475
-2.01428 -0.006762 -0 0 0 -0.718497 -0.695486 -0
-1.60475 -0.006762 0 1 0 0.694906 -0.719077 -0
-1.59596 -0.006762 0.167743 1 1 0.691092 -0.719077 -0.072634
-2.00324 -0.006762 -0.210549 0 0 -0.71456 -0.695486 -0.075076
-1.59596 -0.006762 -0.167742 1 0 0.691122 -0.719077 0.072634
-1.60475 -0.006762 0 1 1 0.694906 -0.719077 -0
-1.97026 -0.006762 -0.418791 0 0 -0.70278 -0.695486 -0.149358
-1.56968 -0.006762 -0.333646 1 0 0.679739 -0.719077 0.144475
-1.59596 -0.006762 -0.167742 1 1 0.691122 -0.719077 0.072634
-1.91569 -0.006762 -0.622445 0 0 -0.68334 -0.695486 -0.222022
-1.52621 -0.006762 -0.495895 1 0 0.660909 -0.719077 0.214728
-1.56968 -0.006762 -0.333646 1 1 0.679739 -0.719077 0.144475
-1.84013 -0.006762 -0.819279 0 0 -0.656392 -0.695486 -0.292215
-1.46601 -0.006762 -0.652711 1 0 0.634846 -0.719077 0.282632
-1.52621 -0.006762 -0.495895 1 1 0.660909 -0.719077 0.214728
-1.74441 -0.006762 -1.00714 0 0 -0.622242 -0.695486 -0.359233
-1.38976 -0.006762 -0.802376 1 0 0.601825 -0.719077 0.347453
-1.46601 -0.006762 -0.652711 1 1 0.634846 -0.719077 0.282632
-1.62958 -0.006762 -1.18396 0 0 -0.581286 -0.695486 -0.422315
-1.29827 -0.006762 -0.94325 1 0 0.562181 -0.719077 0.40846
-1.38976 -0.006762 -0.802376 1 1 0.601825 -0.719077 0.347453
-1.4969 -0.006762 -1.34781 0 0 -0.533952 -0.695486 -0.480758
-1.19256 -0.006762 -1.07379 1 0 0.516404 -0.719077 0.46498
-1.29827 -0.006762 -0.94325 1 1 0.562181 -0.719077 0.40846
-1.34781 -0.006762 -1.4969 0 0 -0.480758 -0.695486 -0.533952
-1.07379 -0.006762 -1.19256 1 0 0.46498 -0.719077 0.516404
-1.19256 -0.006762 -1.07379 1 1 0.516404 -0.719077 0.46498
-1.18396 -0.006762 -1.62958 0 0 -0.422315 -0.695486 -0.581286
-0.943251 -0.006762 -1.29827 1 0 0.40846 -0.719077 0.562181
-1.07379 -0.006762 -1.19256 1 1 0.46498 -0.719077 0.516404
-1.00714 -0.006762 -1.74441 0 0 -0.359233 -0.695486 -0.622242
-0.802377 -0.006762 -1.38976 1 0 0.347453 -0.719077 0.601825
-0.943251 -0.006762 -1.29827 1 1 0.40846 -0.719077 0.562181
-0.819281 -0.006762 -1.84013 0 0 -0.292245 -0.695486 -0.656392
-0.652713 -0.006762 -1.46601 1 0 0.282632 -0.719077 0.634846
-0.802377 -0.006762 -1.38976 1 1 0.347453 -0.719077 0.601825
-0.622447 -0.006762 -1.91569 0 0 -0.222022 -0.695486 -0.68334
-0.495897 -0.006762 -1.52621 1 0 0.214728 -0.719077 0.660909
-0.652713 -0.006762 -1.46601 1 1 0.282632 -0.719077 0.634846
-0.418793 -0.006762 -1.97026 0 0 -0.149358 -0.695486 -0.702811
-0.333648 -0.006762 -1.56968 1 0 0.144475 -0.719077 0.679739
-0.495897 -0.006762 -1.52621 1 1 0.214728 -0.719077 0.660909
-0.210551 -0.006762 -2.00324 0 0 -0.075076 -0.695486 -0.71456
-0.167744 -0.006762 -1.59596 1 0 0.072634 -0.719077 0.691122
-0.333648 -0.006762 -1.56968 1 1 0.144475 -0.719077 0.679739
-2e-006 -0.006762 -2.01428 0 0 0 -0.695486 -0.718497
-2e-006 -0.006762 -1.60475 1 0 0 -0.719077 0.694906
-0.167744 -0.006762 -1.59596 1 1 0.072634 -0.719077 0.691122
0.210547 -0.006762 -2.00324 0 0 0.075076 -0.695486 -0.71456
0.16774 -0.006762 -1.59596 1 0 -0.072634 -0.719077 0.691092
-2e-006 -0.006762 -1.60475 1 1 0 -0.719077 0.694906
0.418789 -0.006762 -1.97026 0 0 0.149358 -0.695486 -0.702811
0.333645 -0.006762 -1.56968 1 0 -0.144475 -0.719077 0.679739
0.16774 -0.006762 -1.59596 1 1 -0.072634 -0.719077 0.691092
0.622442 -0.006762 -1.91569 0 0 0.222022 -0.695486 -0.68334
0.495894 -0.006762 -1.52621 1 0 -0.214728 -0.719077 0.660909
0.333645 -0.006762 -1.56968 1 1 -0.144475 -0.719077 0.679739
0.819276 -0.006762 -1.84013 0 0 0.292215 -0.695486 -0.656392
0.652709 -0.006762 -1.46601 1 0 -0.282632 -0.719077 0.634846
0.495894 -0.006762 -1.52621 1 1 -0.214728 -0.719077 0.660909
0.802374 -0.006762 -1.38976 1 0 -0.347453 -0.719077 0.601825
0.819276 -0.006762 -1.84013 0 1 0.292215 -0.695486 -0.656392
1.00713 -0.006762 -1.74442 0 0 0.359233 -0.695486 -0.622242
1.18396 -0.006762 -1.62959 0 0 0.422315 -0.695486 -0.581286
0.943248 -0.006762 -1.29827 1 0 -0.40846 -0.719077 0.562181
0.802374 -0.006762 -1.38976 1 1 -0.347453 -0.719077 0.601825
1.07379 -0.003937 -1.19256 1 0 -0.46498 0.719077 0.516404
1.18396 -0.003937 -1.62959 0 1 0.422315 0.695486 -0.581286
0.943248 -0.003937 -1.29827 1 1 -0.40846 0.719077 0.562181
1.19256 -0.003937 -1.07379 1 0 -0.516404 0.719077 0.46498
1.34781 -0.003937 -1.4969 0 1 0.480758 0.695486 -0.533952
1.07379 -0.003937 -1.19256 1 1 -0.46498 0.719077 0.516404
1.29827 -0.003937 -0.943252 1 0 -0.562181 0.719077 0.40846
1.49689 -0.003937 -1.34782 0 1 0.533952 0.695486 -0.480758
1.19256 -0.003937 -1.07379 1 1 -0.516404 0.719077 0.46498
1.38976 -0.003937 -0.802379 1 0 -0.601825 0.719077 0.347453
1.62958 -0.003937 -1.18396 0 1 0.581286 0.695486 -0.422315
1.29827 -0.003937 -0.943252 1 1 -0.562181 0.719077 0.40846
1.46601 -0.003937 -0.652715 1 0 -0.634846 0.719077 0.282632
1.74441 -0.003937 -1.00714 0 1 0.622242 0.695486 -0.359233
1.38976 -0.003937 -0.802379 1 1 -0.601825 0.719077 0.347453
1.52621 -0.003937 -0.495899 1 0 -0.660909 0.719077 0.214728
1.84013 -0.003937 -0.819284 0 1 0.656362 0.695486 -0.292245
1.46601 -0.003937 -0.652715 1 1 -0.634846 0.719077 0.282632
1.56968 -0.003937 -0.33365 1 0 -0.679739 0.719077 0.144475
1.91569 -0.003937 -0.62245 0 1 0.68334 0.695486 -0.222022
1.52621 -0.003937 -0.495899 1 1 -0.660909 0.719077 0.214728
1.59596 -0.003937 -0.167746 1 0 -0.691092 0.719077 0.072634
1.97026 -0.003937 -0.418796 0 1 0.702811 0.695486 -0.149388
1.56968 -0.003937 -0.33365 1 1 -0.679739 0.719077 0.144475
1.60475 -0.003937 -4e-006 1 0 -0.694906 0.719077 -0
2.00324 -0.003937 -0.210555 0 1 0.71456 0.695486 -0.075106
1.59596 -0.003937 -0.167746 1 1 -0.691092 0.719077 0.072634
1.59596 -0.003937 0.167738 1 0 -0.691092 0.719077 -0.072634
2.01428 -0.003937 -6e-006 0 1 0.718497 0.695486 -0
1.60475 -0.003937 -4e-006 1 1 -0.694906 0.719077 -0
1.56969 -0.003937 0.333643 1 0 -0.679739 0.719077 -0.144475
2.00324 -0.003937 0.210543 0 1 0.71456 0.695486 0.075076
1.59596 -0.003937 0.167738 1 1 -0.691092 0.719077 -0.072634
1.52621 -0.003937 0.495892 1 0 -0.660909 0.719077 -0.214728
1.97026 -0.003937 0.418785 0 1 0.702811 0.695486 0.149358
1.56969 -0.003937 0.333643 1 1 -0.679739 0.719077 -0.144475
1.46602 -0.003937 0.652708 1 0 -0.634846 0.719077 -0.282632
1.91569 -0.003937 0.622439 0 1 0.68334 0.695486 0.222022
1.52621 -0.003937 0.495892 1 1 -0.660909 0.719077 -0.214728
1.38976 -0.003937 0.802372 1 0 -0.601825 0.719077 -0.347453
1.84013 -0.003937 0.819273 0 1 0.656392 0.695486 0.292215
1.46602 -0.003937 0.652708 1 1 -0.634846 0.719077 -0.282632
1.29828 -0.003937 0.943246 1 0 -0.562181 0.719077 -0.40846
1.74442 -0.003937 1.00713 0 1 0.622242 0.695486 0.359233
1.38976 -0.003937 0.802372 1 1 -0.601825 0.719077 -0.347453
1.19257 -0.003937 1.07379 1 0 -0.516434 0.719077 -0.46498
1.62959 -0.003937 1.18395 0 1 0.581286 0.695486 0.422315
1.29828 -0.003937 0.943246 1 1 -0.562181 0.719077 -0.40846
1.19257 -0.003937 1.07379 1 1 -0.516434 0.719077 -0.46498
1.07379 -0.003937 1.19256 1 0 -0.46498 0.719077 -0.516404
1.34782 -0.003937 1.49689 0 0 0.480758 0.695486 0.533952
0.943255 -0.003937 1.29827 1 0 -0.40846 0.719077 -0.562181
1.34782 -0.003937 1.49689 0 1 0.480758 0.695486 0.533952
1.07379 -0.003937 1.19256 1 1 -0.46498 0.719077 -0.516404
0.943255 -0.003937 1.29827 1 1 -0.40846 0.719077 -0.562181
0.802382 -0.003937 1.38975 1 0 -0.347453 0.719077 -0.601794
1.00714 -0.003937 1.74441 0 0 0.359233 0.695486 0.622242
0.652718 -0.003937 1.46601 1 0 -0.282632 0.719077 -0.634846
1.00714 -0.003937 1.74441 0 1 0.359233 0.695486 0.622242
0.802382 -0.003937 1.38975 1 1 -0.347453 0.719077 -0.601794
0.652718 -0.003937 1.46601 1 1 -0.282632 0.719077 -0.634846
0.495902 -0.003937 1.52621 1 0 -0.214728 0.719077 -0.660909
0.622453 -0.003937 1.91569 0 0 0.222022 0.695486 0.68334
0.333654 -0.003937 1.56968 1 0 -0.144475 0.719077 -0.679739
0.622453 -0.003937 1.91569 0 1 0.222022 0.695486 0.68334
0.495902 -0.003937 1.52621 1 1 -0.214728 0.719077 -0.660909
0.333654 -0.003937 1.56968 1 1 -0.144475 0.719077 -0.679739
0.167749 -0.003937 1.59596 1 0 -0.072634 0.719077 -0.691122
0.210558 -0.003937 2.00324 0 0 0.075106 0.695486 0.71456
0.167749 -0.003937 1.59596 1 1 -0.072634 0.719077 -0.691122
-0 -0.003937 1.60475 1 0 0 0.719077 -0.694906
0 -0.003937 2.01428 0 0 0 0.695486 0.718497
-0 -0.003937 1.60475 1 1 0 0.719077 -0.694906
-0.167742 -0.003937 1.59596 1 0 0.072634 0.719077 -0.691122
-0.210549 -0.003937 2.00324 0 0 -0.075076 0.695486 0.71456
-0.167742 -0.003937 1.59596 1 1 0.072634 0.719077 -0.691122
-0.333647 -0.003937 1.56969 1 0 0.144475 0.719077 -0.679739
-0.418791 -0.003937 1.97026 0 0 -0.149358 0.695486 0.702811
-0.333647 -0.003937 1.56969 1 1 0.144475 0.719077 -0.679739
-0.495896 -0.003937 1.52621 1 0 0.214728 0.719077 -0.660909
-0.622445 -0.003937 1.91569 0 0 -0.222022 0.695486 0.68334
-0.495896 -0.003937 1.52621 1 1 0.214728 0.719077 -0.660909
-0.652712 -0.003937 1.46601 1 0 0.282632 0.719077 -0.634846
-0.819279 -0.003937 1.84013 0 0 -0.292215 0.695486 0.656392
-0.652712 -0.003937 1.46601 1 1 0.282632 0.719077 -0.634846
-0.802377 -0.003937 1.38976 1 0 0.347453 0.719077 -0.601825
-1.00714 -0.003937 1.74441 0 0 -0.359233 0.695486 0.622242
-0.802377 -0.003937 1.38976 1 1 0.347453 0.719077 -0.601825
-0.94325 -0.003937 1.29827 1 0 0.40846 0.719077 -0.562181
-1.18396 -0.003937 1.62958 0 0 -0.422315 0.695486 0.581286
-0.94325 -0.003937 1.29827 1 1 0.40846 0.719077 -0.562181
-1.07379 -0.003937 1.19256 1 0 0.46498 0.719077 -0.516404
-1.34781 -0.003937 1.4969 0 0 -0.480758 0.695486 0.533952
-1.07379 -0.003937 1.19256 1 1 0.46498 0.719077 -0.516404
-1.19256 -0.003937 1.07379 1 0 0.516404 0.719077 -0.46498
-1.4969 -0.003937 1.34781 0 0 -0.533952 0.695486 0.480758
-1.19256 -0.003937 1.07379 1 1 0.516404 0.719077 -0.46498
-1.29827 -0.003937 0.943251 1 0 0.562181 0.719077 -0.40846
-1.62958 -0.003937 1.18396 0 0 -0.581286 0.695486 0.422315
-1.29827 -0.003937 0.943251 1 1 0.562181 0.719077 -0.40846
-1.38976 -0.003937 0.802377 1 0 0.601825 0.719077 -0.347453
-1.74441 -0.003937 1.00714 0 0 -0.622242 0.695486 0.359233
-1.38976 -0.003937 0.802377 1 1 0.601825 0.719077 -0.347453
-1.46601 -0.003937 0.652712 1 0 0.634846 0.719077 -0.282632
-1.84013 -0.003937 0.819279 0 0 -0.656392 0.695486 0.292215
-1.46601 -0.003937 0.652712 1 1 0.634846 0.719077 -0.282632
-1.52621 -0.003937 0.495896 1 0 0.660909 0.719077 -0.214728
-1.91569 -0.003937 0.622445 0 0 -0.68334 0.695486 0.222022
-1.52621 -0.003937 0.495896 1 1 0.660909 0.719077 -0.214728
-1.56968 -0.003937 0.333647 1 0 0.679739 0.719077 -0.144475
-1.97026 -0.003937 0.418791 0 0 -0.70278 0.695486 0.149358
-1.56968 -0.003937 0.333647 1 1 0.679739 0.719077 -0.144475
-1.59596 -0.003937 0.167743 1 0 0.691122 0.719077 -0.072634
-2.00324 -0.003937 0.210549 0 0 -0.71456 0.695486 0.075076
-1.59596 -0.003937 0.167743 1 1 0.691122 0.719077 -0.072634
-1.60475 -0.003937 0 1 0 0.694906 0.719077 -0
-2.01428 -0.003937 -0 0 0 -0.718497 0.695486 -0
-1.60475 -0.003937 0 1 1 0.694906 0.719077 -0
-1.59596 -0.003937 -0.167742 1 0 0.691122 0.719077 0.072634
-2.00324 -0.003937 -0.210549 0 0 -0.71456 0.695486 -0.075076
-1.59596 -0.003937 -0.167742 1 1 0.691122 0.719077 0.072634
-1.56968 -0.003937 -0.333646 1 0 0.679739 0.719077 0.144475
-1.97026 -0.003937 -0.418791 0 0 -0.70278 0.695486 -0.149358
-1.56968 -0.003937 -0.333646 1 1 0.679739 0.719077 0.144475
-1.52621 -0.003937 -0.495895 1 0 0.660909 0.719077 0.214728
-1.91569 -0.003937 -0.622445 0 0 -0.68334 0.695486 -0.222022
-1.52621 -0.003937 -0.495895 1 1 0.660909 0.719077 0.214728
-1.46601 -0.003937 -0.652711 1 0 0.634846 0.719077 0.282632
-1.84013 -0.003937 -0.819279 0 0 -0.656392 0.695486 -0.292215
-1.46601 -0.003937 -0.652711 1 1 0.634846 0.719077 0.282632
-1.38976 -0.003937 -0.802376 1 0 0.601825 0.719077 0.347453
-1.74441 -0.003937 -1.00714 0 0 -0.622242 0.695486 -0.359233
-1.38976 -0.003937 -0.802376 1 1 0.601825 0.719077 0.347453
-1.29827 -0.003937 -0.94325 1 0 0.562181 0.719077 0.40846
-1.62958 -0.003937 -1.18396 0 0 -0.581286 0.695486 -0.422315
-1.29827 -0.003937 -0.94325 1 1 0.562181 0.719077 0.40846
-1.19256 -0.003937 -1.07379 1 0 0.516404 0.719077 0.46498
-1.4969 -0.003937 -1.34781 0 0 -0.533952 0.695486 -0.480758
-1.19256 -0.003937 -1.07379 1 1 0.516404 0.719077 0.46498
-1.07379 -0.003937 -1.19256 1 0 0.46498 0.719077 0.516404
-1.34781 -0.003937 -1.4969 0 0 -0.480758 0.695486 -0.533952
-1.07379 -0.003937 -1.19256 1 1 0.46498 0.719077 0.516404
-0.943251 -0.003937 -1.29827 1 0 0.40846 0.719077 0.562181
-1.18396 -0.003937 -1.62958 0 0 -0.422315 0.695486 -0.581286
-0.943251 -0.003937 -1.29827 1 1 0.40846 0.719077 0.562181
-0.802377 -0.003937 -1.38976 1 0 0.347453 0.719077 0.601825
-1.00714 -0.003937 -1.74441 0 0 -0.359233 0.695486 -0.622242
-0.802377 -0.003937 -1.38976 1 1 0.347453 0.719077 0.601825
-0.652713 -0.003937 -1.46601 1 0 0.282632 0.719077 0.634846
-0.819281 -0.003937 -1.84013 0 0 -0.292245 0.695486 -0.656392
-0.652713 -0.003937 -1.46601 1 1 0.282632 0.719077 0.634846
-0.495897 -0.003937 -1.52621 1 0 0.214728 0.719077 0.660909
-0.622447 -0.003937 -1.91569 0 0 -0.222022 0.695486 -0.68334
-0.495897 -0.003937 -1.52621 1 1 0.214728 0.719077 0.660909
-0.333648 -0.003937 -1.56968 1 0 0.144475 0.719077 0.679739
-0.418793 -0.003937 -1.97026 0 0 -0.149358 0.695486 -0.70278
-0.333648 -0.003937 -1.56968 1 1 0.144475 0.719077 0.679739
-0.167744 -0.003937 -1.59596 1 0 0.072634 0.719077 0.691092
-0.210551 -0.003937 -2.00324 0 0 -0.075076 0.695486 -0.71456
-0.167744 -0.003937 -1.59596 1 1 0.072634 0.719077 0.691092
-2e-006 -0.003937 -1.60475 1 0 0 0.719077 0.694906
-2e-006 -0.003937 -2.01428 0 0 0 0.695486 -0.718497
-2e-006 -0.003937 -1.60475 1 1 0 0.719077 0.694906
0.16774 -0.003937 -1.59596 1 0 -0.072634 0.719077 0.691092
0.210547 -0.003937 -2.00324 0 0 0.075076 0.695486 -0.71456
0.16774 -0.003937 -1.59596 1 1 -0.072634 0.719077 0.691092
0.333645 -0.003937 -1.56968 1 0 -0.144475 0.719077 0.679739
0.418789 -0.003937 -1.97026 0 0 0.149358 0.695486 -0.70278
0.333645 -0.003937 -1.56968 1 1 -0.144475 0.719077 0.679739
0.495894 -0.003937 -1.52621 1 0 -0.214728 0.719077 0.660909
0.622442 -0.003937 -1.91569 0 0 0.222022 0.695486 -0.68334
0.495894 -0.003937 -1.52621 1 1 -0.214728 0.719077 0.660909
0.652709 -0.003937 -1.46601 1 0 -0.282632 0.719077 0.634846
0.819276 -0.003937 -1.84013 0 0 0.292215 0.695486 -0.656392
0.802374 -0.003937 -1.38976 1 0 -0.347453 0.719077 0.601825
0.819276 -0.003937 -1.84013 0 1 0.292215 0.695486 -0.656392
0.652709 -0.003937 -1.46601 1 1 -0.282632 0.719077 0.634846
0.802374 -0.003937 -1.38976 1 1 -0.347453 0.719077 0.601825
0.943248 -0.003937 -1.29827 1 0 -0.40846 0.719077 0.562181
1.18396 -0.003937 -1.62959 0 0 0.422315 0.695486 -0.581286
0.819287 -0.006762 1.84013 1 1 0.292245 -0.695486 0.656362
0.819287 -0.003937 1.84013 1 0 0.292245 0.695486 0.656392
0.622453 -0.003937 1.91569 0 0 0.222022 0.695486 0.68334
-2.00324 -0.006762 -0.210549 1 1 -0.71456 -0.695486 -0.075076
-2.00324 -0.003937 -0.210549 1 0 -0.71456 0.695486 -0.075076
-1.97026 -0.003937 -0.418791 0 0 -0.70278 0.695486 -0.149358
-0.943251 -0.006762 -1.29827 1 1 0.40846 -0.719077 0.562181
-0.943251 -0.003937 -1.29827 1 0 0.40846 0.719077 0.562181
-1.07379 -0.003937 -1.19256 0 0 0.46498 0.719077 0.516404
1.29828 -0.006762 0.943246 1 1 -0.562181 -0.719077 -0.40846
1.29828 -0.003937 0.943246 1 0 -0.562181 0.719077 -0.40846
1.38976 -0.003937 0.802372 0 0 -0.601825 0.719077 -0.347453
1.97026 -0.006762 -0.418796 1 1 0.70278 -0.695486 -0.149388
1.97026 -0.003937 -0.418796 1 0 0.702811 0.695486 -0.149388
2.00324 -0.003937 -0.210555 0 0 0.71456 0.695486 -0.075106
-1.46601 -0.006762 0.652712 1 1 0.634846 -0.719077 -0.282632
-1.46601 -0.003937 0.652712 1 0 0.634846 0.719077 -0.282632
-1.38976 -0.003937 0.802377 0 0 0.601825 0.719077 -0.347453
-0.622445 -0.006762 1.91569 1 1 -0.222022 -0.695486 0.68334
-0.622445 -0.003937 1.91569 1 0 -0.222022 0.695486 0.68334
-0.819279 -0.003937 1.84013 0 0 -0.292215 0.695486 0.656392
1.19256 -0.006762 -1.07379 1 1 -0.516404 -0.719077 0.46498
1.19256 -0.003937 -1.07379 1 0 -0.516404 0.719077 0.46498
1.07379 -0.003937 -1.19256 0 0 -0.46498 0.719077 0.516404
-2e-006 -0.006762 -2.01428 1 1 0 -0.695486 -0.718497
-2e-006 -0.003937 -2.01428 1 0 0 0.695486 -0.718497
0.210547 -0.003937 -2.00324 0 0 0.075076 0.695486 -0.71456
0.622453 -0.006762 1.91569 1 1 0.222022 -0.695486 0.68334
0.622453 -0.003937 1.91569 1 0 0.222022 0.695486 0.68334
0.4188 -0.003937 1.97026 0 0 0.149388 0.695486 0.70278
-0.802377 -0.006762 -1.38976 1 1 0.347453 -0.719077 0.601825
-0.802377 -0.003937 -1.38976 1 0 0.347453 0.719077 0.601825
-0.943251 -0.003937 -1.29827 0 0 0.40846 0.719077 0.562181
-1.97026 -0.006762 -0.418791 1 1 -0.70278 -0.695486 -0.149358
-1.97026 -0.003937 -0.418791 1 0 -0.70278 0.695486 -0.149358
-1.91569 -0.003937 -0.622445 0 0 -0.68334 0.695486 -0.222022
1.19257 -0.006762 1.07379 1 1 -0.516434 -0.719077 -0.46498
1.19257 -0.003937 1.07379 1 0 -0.516434 0.719077 -0.46498
1.29828 -0.003937 0.943246 0 0 -0.562181 0.719077 -0.40846
2.00324 -0.006762 -0.210555 1 1 0.71456 -0.695486 -0.075106
2.00324 -0.003937 -0.210555 1 0 0.71456 0.695486 -0.075106
2.01428 -0.003937 -6e-006 0 0 0.718497 0.695486 -0
-1.52621 -0.006762 0.495896 1 1 0.660909 -0.719077 -0.214728
-1.52621 -0.003937 0.495896 1 0 0.660909 0.719077 -0.214728
-1.46601 -0.003937 0.652712 0 0 0.634846 0.719077 -0.282632
-0.819279 -0.006762 1.84013 1 1 -0.292215 -0.695486 0.656392
-0.819279 -0.003937 1.84013 1 0 -0.292215 0.695486 0.656392
-1.00714 -0.003937 1.74441 0 0 -0.359233 0.695486 0.622242
0.210547 -0.006762 -2.00324 1 1 0.075076 -0.695486 -0.71456
0.210547 -0.003937 -2.00324 1 0 0.075076 0.695486 -0.71456
0.418789 -0.003937 -1.97026 0 0 0.149358 0.695486 -0.70278
1.29827 -0.006762 -0.943252 1 1 -0.562181 -0.719077 0.40846
1.29827 -0.003937 -0.943252 1 0 -0.562181 0.719077 0.40846
1.19256 -0.003937 -1.07379 0 0 -0.516404 0.719077 0.46498
0.4188 -0.006762 1.97026 1 1 0.149388 -0.695486 0.70278
0.4188 -0.003937 1.97026 1 0 0.149388 0.695486 0.70278
0.210558 -0.003937 2.00324 0 0 0.075106 0.695486 0.71456
-0.652713 -0.006762 -1.46601 1 1 0.282632 -0.719077 0.634846
-0.652713 -0.003937 -1.46601 1 0 0.282632 0.719077 0.634846
-0.802377 -0.003937 -1.38976 0 0 0.347453 0.719077 0.601825
-1.91569 -0.006762 -0.622445 1 1 -0.68334 -0.695486 -0.222022
-1.91569 -0.003937 -0.622445 1 0 -0.68334 0.695486 -0.222022
-1.84013 -0.003937 -0.819279 0 0 -0.656392 0.695486 -0.292215
1.07379 -0.006762 1.19256 1 1 -0.46498 -0.719077 -0.516404
1.07379 -0.003937 1.19256 1 0 -0.46498 0.719077 -0.516404
1.19257 -0.003937 1.07379 0 0 -0.516434 0.719077 -0.46498
2.01428 -0.006762 -6e-006 1 1 0.718497 -0.695486 -0
2.01428 -0.003937 -6e-006 1 0 0.718497 0.695486 -0
2.00324 -0.003937 0.210543 0 0 0.71456 0.695486 0.075076
-1.56968 -0.006762 0.333647 1 1 0.679739 -0.719077 -0.144475
-1.56968 -0.003937 0.333647 1 0 0.679739 0.719077 -0.144475
-1.52621 -0.003937 0.495896 0 0 0.660909 0.719077 -0.214728
-1.00714 -0.006762 1.74441 1 1 -0.359233 -0.695486 0.622242
-1.00714 -0.003937 1.74441 1 0 -0.359233 0.695486 0.622242
-1.18396 -0.003937 1.62958 0 0 -0.422315 0.695486 0.581286
1.38976 -0.006762 -0.802379 1 1 -0.601825 -0.719077 0.347453
1.38976 -0.003937 -0.802379 1 0 -0.601825 0.719077 0.347453
1.29827 -0.003937 -0.943252 0 0 -0.562181 0.719077 0.40846
0.418789 -0.006762 -1.97026 1 1 0.149358 -0.695486 -0.702811
0.418789 -0.003937 -1.97026 1 0 0.149358 0.695486 -0.70278
0.622442 -0.003937 -1.91569 0 0 0.222022 0.695486 -0.68334
0.210558 -0.006762 2.00324 1 1 0.075106 -0.695486 0.71456
0.210558 -0.003937 2.00324 1 0 0.075106 0.695486 0.71456
0 -0.003937 2.01428 0 0 0 0.695486 0.718497
-0.495897 -0.006762 -1.52621 1 1 0.214728 -0.719077 0.660909
-0.495897 -0.003937 -1.52621 1 0 0.214728 0.719077 0.660909
-0.652713 -0.003937 -1.46601 0 0 0.282632 0.719077 0.634846
-1.84013 -0.006762 -0.819279 1 1 -0.656392 -0.695486 -0.292215
-1.84013 -0.003937 -0.819279 1 0 -0.656392 0.695486 -0.292215
-1.74441 -0.003937 -1.00714 0 0 -0.622242 0.695486 -0.359233
0.943255 -0.006762 1.29827 1 1 -0.40846 -0.719077 -0.562181
0.943255 -0.003937 1.29827 1 0 -0.40846 0.719077 -0.562181
1.07379 -0.003937 1.19256 0 0 -0.46498 0.719077 -0.516404
2.00324 -0.006762 0.210543 1 1 0.71456 -0.695486 0.075076
2.00324 -0.003937 0.210543 1 0 0.71456 0.695486 0.075076
1.97026 -0.003937 0.418785 0 0 0.702811 0.695486 0.149358
-1.59596 -0.006762 0.167743 1 1 0.691092 -0.719077 -0.072634
-1.59596 -0.003937 0.167743 1 0 0.691122 0.719077 -0.072634
-1.56968 -0.003937 0.333647 0 0 0.679739 0.719077 -0.144475
-1.18396 -0.006762 1.62958 1 1 -0.422315 -0.695486 0.581286
-1.18396 -0.003937 1.62958 1 0 -0.422315 0.695486 0.581286
-1.34781 -0.003937 1.4969 0 0 -0.480758 0.695486 0.533952
1.46601 -0.006762 -0.652715 1 1 -0.634846 -0.719077 0.282632
1.46601 -0.003937 -0.652715 1 0 -0.634846 0.719077 0.282632
1.38976 -0.003937 -0.802379 0 0 -0.601825 0.719077 0.347453
0.622442 -0.006762 -1.91569 1 1 0.222022 -0.695486 -0.68334
0.622442 -0.003937 -1.91569 1 0 0.222022 0.695486 -0.68334
0.819276 -0.003937 -1.84013 0 0 0.292215 0.695486 -0.656392
-0.167742 -0.006762 1.59596 1 1 0.072634 -0.719077 -0.691092
-0.167742 -0.003937 1.59596 1 0 0.072634 0.719077 -0.691122
-0 -0.003937 1.60475 0 0 0 0.719077 -0.694906
-0.333648 -0.006762 -1.56968 1 1 0.144475 -0.719077 0.679739
-0.333648 -0.003937 -1.56968 1 0 0.144475 0.719077 0.679739
-0.495897 -0.003937 -1.52621 0 0 0.214728 0.719077 0.660909
-1.74441 -0.006762 -1.00714 1 1 -0.622242 -0.695486 -0.359233
-1.74441 -0.003937 -1.00714 1 0 -0.622242 0.695486 -0.359233
-1.62958 -0.003937 -1.18396 0 0 -0.581286 0.695486 -0.422315
0.802382 -0.006762 1.38975 1 1 -0.347453 -0.719077 -0.601794
0.802382 -0.003937 1.38975 1 0 -0.347453 0.719077 -0.601794
0.943255 -0.003937 1.29827 0 0 -0.40846 0.719077 -0.562181
1.97026 -0.006762 0.418785 1 1 0.70278 -0.695486 0.149358
1.97026 -0.003937 0.418785 1 0 0.702811 0.695486 0.149358
1.91569 -0.003937 0.622439 0 0 0.68334 0.695486 0.222022
-1.60475 -0.006762 0 1 1 0.694906 -0.719077 -0
-1.60475 -0.003937 0 1 0 0.694906 0.719077 -0
-1.59596 -0.003937 0.167743 0 0 0.691122 0.719077 -0.072634
-1.34781 -0.006762 1.4969 1 1 -0.480758 -0.695486 0.533952
-1.34781 -0.003937 1.4969 1 0 -0.480758 0.695486 0.533952
-1.4969 -0.003937 1.34781 0 0 -0.533952 0.695486 0.480758
1.52621 -0.006762 -0.495899 1 1 -0.660909 -0.719077 0.214728
1.52621 -0.003937 -0.495899 1 0 -0.660909 0.719077 0.214728
1.46601 -0.003937 -0.652715 0 0 -0.634846 0.719077 0.282632
0.819276 -0.006762 -1.84013 1 1 0.292215 -0.695486 -0.656392
0.819276 -0.003937 -1.84013 1 0 0.292215 0.695486 -0.656392
1.00713 -0.003937 -1.74442 0 0 0.359233 0.695486 -0.622242
-0.333647 -0.006762 1.56969 1 1 0.144475 -0.719077 -0.679739
-0.333647 -0.003937 1.56969 1 0 0.144475 0.719077 -0.679739
-0.167742 -0.003937 1.59596 0 0 0.072634 0.719077 -0.691122
-0.167744 -0.006762 -1.59596 1 1 0.072634 -0.719077 0.691122
-0.167744 -0.003937 -1.59596 1 0 0.072634 0.719077 0.691092
-0.333648 -0.003937 -1.56968 0 0 0.144475 0.719077 0.679739
-1.62958 -0.006762 -1.18396 1 1 -0.581286 -0.695486 -0.422315
-1.62958 -0.003937 -1.18396 1 0 -0.581286 0.695486 -0.422315
-1.4969 -0.003937 -1.34781 0 0 -0.533952 0.695486 -0.480758
0.652718 -0.006762 1.46601 1 1 -0.282632 -0.719077 -0.634846
0.652718 -0.003937 1.46601 1 0 -0.282632 0.719077 -0.634846
0.802382 -0.003937 1.38975 0 0 -0.347453 0.719077 -0.601794
1.91569 -0.006762 0.622439 1 1 0.68334 -0.695486 0.222022
1.91569 -0.003937 0.622439 1 0 0.68334 0.695486 0.222022
1.84013 -0.003937 0.819273 0 0 0.656392 0.695486 0.292215
-1.59596 -0.006762 -0.167742 1 1 0.691122 -0.719077 0.072634
-1.59596 -0.003937 -0.167742 1 0 0.691122 0.719077 0.072634
-1.60475 -0.003937 0 0 0 0.694906 0.719077 -0
-1.4969 -0.006762 1.34781 1 1 -0.533952 -0.695486 0.480758
-1.4969 -0.003937 1.34781 1 0 -0.533952 0.695486 0.480758
-1.62958 -0.003937 1.18396 0 0 -0.581286 0.695486 0.422315
1.56968 -0.006762 -0.33365 1 1 -0.679739 -0.719077 0.144475
1.56968 -0.003937 -0.33365 1 0 -0.679739 0.719077 0.144475
1.52621 -0.003937 -0.495899 0 0 -0.660909 0.719077 0.214728
1.00713 -0.006762 -1.74442 1 1 0.359233 -0.695486 -0.622242
1.00713 -0.003937 -1.74442 1 0 0.359233 0.695486 -0.622242
1.18396 -0.003937 -1.62959 0 0 0.422315 0.695486 -0.581286
-0.495896 -0.006762 1.52621 1 1 0.214728 -0.719077 -0.660909
-0.495896 -0.003937 1.52621 1 0 0.214728 0.719077 -0.660909
-0.333647 -0.003937 1.56969 0 0 0.144475 0.719077 -0.679739
-2e-006 -0.006762 -1.60475 1 1 0 -0.719077 0.694906
-2e-006 -0.003937 -1.60475 1 0 0 0.719077 0.694906
-0.167744 -0.003937 -1.59596 0 0 0.072634 0.719077 0.691092
-1.4969 -0.006762 -1.34781 1 1 -0.533952 -0.695486 -0.480758
-1.4969 -0.003937 -1.34781 1 0 -0.533952 0.695486 -0.480758
-1.34781 -0.003937 -1.4969 0 0 -0.480758 0.695486 -0.533952
0.495902 -0.006762 1.52621 1 1 -0.214728 -0.719077 -0.660909
0.495902 -0.003937 1.52621 1 0 -0.214728 0.719077 -0.660909
0.652718 -0.003937 1.46601 0 0 -0.282632 0.719077 -0.634846
1.84013 -0.006762 0.819273 1 1 0.656392 -0.695486 0.292215
1.84013 -0.003937 0.819273 1 0 0.656392 0.695486 0.292215
1.74442 -0.003937 1.00713 0 0 0.622242 0.695486 0.359233
-1.56968 -0.006762 -0.333646 1 1 0.679739 -0.719077 0.144475
-1.56968 -0.003937 -0.333646 1 0 0.679739 0.719077 0.144475
-1.59596 -0.003937 -0.167742 0 0 0.691122 0.719077 0.072634
-1.62958 -0.006762 1.18396 1 1 -0.581286 -0.695486 0.422315
-1.62958 -0.003937 1.18396 1 0 -0.581286 0.695486 0.422315
-1.74441 -0.003937 1.00714 0 0 -0.622242 0.695486 0.359233
1.59596 -0.006762 -0.167746 1 1 -0.691092 -0.719077 0.072634
1.59596 -0.003937 -0.167746 1 0 -0.691092 0.719077 0.072634
1.56968 -0.003937 -0.33365 0 0 -0.679739 0.719077 0.144475
1.18396 -0.006762 -1.62959 1 1 0.422315 -0.695486 -0.581286
1.18396 -0.003937 -1.62959 1 0 0.422315 0.695486 -0.581286
1.34781 -0.003937 -1.4969 0 0 0.480758 0.695486 -0.533952
-0.652712 -0.006762 1.46601 1 1 0.282632 -0.719077 -0.634846
-0.652712 -0.003937 1.46601 1 0 0.282632 0.719077 -0.634846
-0.495896 -0.003937 1.52621 0 0 0.214728 0.719077 -0.660909
0.16774 -0.006762 -1.59596 1 1 -0.072634 -0.719077 0.691092
0.16774 -0.003937 -1.59596 1 0 -0.072634 0.719077 0.691092
-2e-006 -0.003937 -1.60475 0 0 0 0.719077 0.694906
-1.34781 -0.006762 -1.4969 1 1 -0.480758 -0.695486 -0.533952
-1.34781 -0.003937 -1.4969 1 0 -0.480758 0.695486 -0.533952
-1.18396 -0.003937 -1.62958 0 0 -0.422315 0.695486 -0.581286
0.333654 -0.006762 1.56968 1 1 -0.144475 -0.719077 -0.679739
0.333654 -0.003937 1.56968 1 0 -0.144475 0.719077 -0.679739
0.495902 -0.003937 1.52621 0 0 -0.214728 0.719077 -0.660909
1.74442 -0.006762 1.00713 1 1 0.622242 -0.695486 0.359233
1.74442 -0.003937 1.00713 1 0 0.622242 0.695486 0.359233
1.62959 -0.003937 1.18395 0 0 0.581286 0.695486 0.422315
-1.52621 -0.006762 -0.495895 1 1 0.660909 -0.719077 0.214728
-1.52621 -0.003937 -0.495895 1 0 0.660909 0.719077 0.214728
-1.56968 -0.003937 -0.333646 0 0 0.679739 0.719077 0.144475
-1.74441 -0.006762 1.00714 1 1 -0.622242 -0.695486 0.359233
-1.74441 -0.003937 1.00714 1 0 -0.622242 0.695486 0.359233
-1.84013 -0.003937 0.819279 0 0 -0.656392 0.695486 0.292215
1.60475 -0.006762 -4e-006 1 1 -0.694906 -0.719077 -0
1.60475 -0.003937 -4e-006 1 0 -0.694906 0.719077 -0
1.59596 -0.003937 -0.167746 0 0 -0.691092 0.719077 0.072634
1.34781 -0.006762 -1.4969 1 1 0.480758 -0.695486 -0.533952
1.34781 -0.003937 -1.4969 1 0 0.480758 0.695486 -0.533952
1.49689 -0.003937 -1.34782 0 0 0.533952 0.695486 -0.480758
-0.802377 -0.006762 1.38976 1 1 0.347453 -0.719077 -0.601825
-0.802377 -0.003937 1.38976 1 0 0.347453 0.719077 -0.601825
-0.652712 -0.003937 1.46601 0 0 0.282632 0.719077 -0.634846
0.333645 -0.006762 -1.56968 1 1 -0.144475 -0.719077 0.679739
0.333645 -0.003937 -1.56968 1 0 -0.144475 0.719077 0.679739
0.16774 -0.003937 -1.59596 0 0 -0.072634 0.719077 0.691092
-1.18396 -0.006762 -1.62958 1 1 -0.422315 -0.695486 -0.581286
-1.18396 -0.003937 -1.62958 1 0 -0.422315 0.695486 -0.581286
-1.00714 -0.003937 -1.74441 0 0 -0.359233 0.695486 -0.622242
0.167749 -0.006762 1.59596 1 1 -0.072634 -0.719077 -0.691092
0.167749 -0.003937 1.59596 1 0 -0.072634 0.719077 -0.691122
0.333654 -0.003937 1.56968 0 0 -0.144475 0.719077 -0.679739
1.62959 -0.006762 1.18395 1 1 0.581286 -0.695486 0.422315
1.62959 -0.003937 1.18395 1 0 0.581286 0.695486 0.422315
1.4969 -0.003937 1.34781 0 0 0.533952 0.695486 0.480758
-1.46601 -0.006762 -0.652711 1 1 0.634846 -0.719077 0.282632
-1.46601 -0.003937 -0.652711 1 0 0.634846 0.719077 0.282632
-1.52621 -0.003937 -0.495895 0 0 0.660909 0.719077 0.214728
-1.84013 -0.006762 0.819279 1 1 -0.656392 -0.695486 0.292215
-1.84013 -0.003937 0.819279 1 0 -0.656392 0.695486 0.292215
-1.91569 -0.003937 0.622445 0 0 -0.68334 0.695486 0.222022
1.59596 -0.006762 0.167738 1 1 -0.691092 -0.719077 -0.072634
1.59596 -0.003937 0.167738 1 0 -0.691092 0.719077 -0.072634
1.60475 -0.003937 -4e-006 0 0 -0.694906 0.719077 -0
1.49689 -0.006762 -1.34782 1 1 0.533952 -0.695486 -0.480758
1.49689 -0.003937 -1.34782 1 0 0.533952 0.695486 -0.480758
1.62958 -0.003937 -1.18396 0 0 0.581286 0.695486 -0.422315
-0.94325 -0.006762 1.29827 1 1 0.40846 -0.719077 -0.562181
-0.94325 -0.003937 1.29827 1 0 0.40846 0.719077 -0.562181
-0.802377 -0.003937 1.38976 0 0 0.347453 0.719077 -0.601825
0.495894 -0.006762 -1.52621 1 1 -0.214728 -0.719077 0.660909
0.495894 -0.003937 -1.52621 1 0 -0.214728 0.719077 0.660909
0.333645 -0.003937 -1.56968 0 0 -0.144475 0.719077 0.679739
-1.00714 -0.006762 -1.74441 1 1 -0.359233 -0.695486 -0.622242
-1.00714 -0.003937 -1.74441 1 0 -0.359233 0.695486 -0.622242
-0.819281 -0.003937 -1.84013 0 0 -0.292245 0.695486 -0.656392
-0 -0.006762 1.60475 1 1 0 -0.719077 -0.694906
-0 -0.003937 1.60475 1 0 0 0.719077 -0.694906
0.167749 -0.003937 1.59596 0 0 -0.072634 0.719077 -0.691122
1.4969 -0.006762 1.34781 1 1 0.533952 -0.695486 0.480758
1.4969 -0.003937 1.34781 1 0 0.533952 0.695486 0.480758
1.34782 -0.003937 1.49689 0 0 0.480758 0.695486 0.533952
-1.38976 -0.006762 -0.802376 1 1 0.601825 -0.719077 0.347453
-1.38976 -0.003937 -0.802376 1 0 0.601825 0.719077 0.347453
-1.46601 -0.003937 -0.652711 0 0 0.634846 0.719077 0.282632
-1.91569 -0.006762 0.622445 1 1 -0.68334 -0.695486 0.222022
-1.91569 -0.003937 0.622445 1 0 -0.68334 0.695486 0.222022
-1.97026 -0.003937 0.418791 0 0 -0.70278 0.695486 0.149358
1.56969 -0.006762 0.333643 1 1 -0.679739 -0.719077 -0.144475
1.56969 -0.003937 0.333643 1 0 -0.679739 0.719077 -0.144475
1.59596 -0.003937 0.167738 0 0 -0.691092 0.719077 -0.072634
1.62958 -0.006762 -1.18396 1 1 0.581286 -0.695486 -0.422315
1.62958 -0.003937 -1.18396 1 0 0.581286 0.695486 -0.422315
1.74441 -0.003937 -1.00714 0 0 0.622242 0.695486 -0.359233
-1.07379 -0.006762 1.19256 1 1 0.46498 -0.719077 -0.516404
-1.07379 -0.003937 1.19256 1 0 0.46498 0.719077 -0.516404
-0.94325 -0.003937 1.29827 0 0 0.40846 0.719077 -0.562181
0.652709 -0.006762 -1.46601 1 1 -0.282632 -0.719077 0.634846
0.652709 -0.003937 -1.46601 1 0 -0.282632 0.719077 0.634846
0.495894 -0.003937 -1.52621 0 0 -0.214728 0.719077 0.660909
-0.819281 -0.006762 -1.84013 1 1 -0.292245 -0.695486 -0.656392
-0.819281 -0.003937 -1.84013 1 0 -0.292245 0.695486 -0.656392
-0.622447 -0.003937 -1.91569 0 0 -0.222022 0.695486 -0.68334
1.34782 -0.006762 1.49689 1 1 0.480758 -0.695486 0.533952
1.34782 -0.003937 1.49689 1 0 0.480758 0.695486 0.533952
1.18397 -0.003937 1.62958 0 0 0.422315 0.695486 0.581286
-1.29827 -0.006762 -0.94325 1 1 0.562181 -0.719077 0.40846
-1.29827 -0.003937 -0.94325 1 0 0.562181 0.719077 0.40846
-1.38976 -0.003937 -0.802376 0 0 0.601825 0.719077 0.347453
-1.97026 -0.006762 0.418791 1 1 -0.702811 -0.695486 0.149358
-1.97026 -0.003937 0.418791 1 0 -0.70278 0.695486 0.149358
-2.00324 -0.003937 0.210549 0 0 -0.71456 0.695486 0.075076
1.52621 -0.006762 0.495892 1 1 -0.660909 -0.719077 -0.214728
1.52621 -0.003937 0.495892 1 0 -0.660909 0.719077 -0.214728
1.56969 -0.003937 0.333643 0 0 -0.679739 0.719077 -0.144475
1.74441 -0.006762 -1.00714 1 1 0.622242 -0.695486 -0.359233
1.74441 -0.003937 -1.00714 1 0 0.622242 0.695486 -0.359233
1.84013 -0.003937 -0.819284 0 0 0.656362 0.695486 -0.292245
-1.19256 -0.006762 1.07379 1 1 0.516404 -0.719077 -0.46498
-1.19256 -0.003937 1.07379 1 0 0.516404 0.719077 -0.46498
-1.07379 -0.003937 1.19256 0 0 0.46498 0.719077 -0.516404
0 -0.006762 2.01428 1 1 0 -0.695486 0.718497
0 -0.003937 2.01428 1 0 0 0.695486 0.718497
-0.210549 -0.003937 2.00324 0 0 -0.075076 0.695486 0.71456
0.802374 -0.006762 -1.38976 1 1 -0.347453 -0.719077 0.601825
0.802374 -0.003937 -1.38976 1 0 -0.347453 0.719077 0.601825
0.652709 -0.003937 -1.46601 0 0 -0.282632 0.719077 0.634846
-0.622447 -0.006762 -1.91569 1 1 -0.222022 -0.695486 -0.68334
-0.622447 -0.003937 -1.91569 1 0 -0.222022 0.695486 -0.68334
-0.418793 -0.003937 -1.97026 0 0 -0.149358 0.695486 -0.70278
1.18397 -0.006762 1.62958 1 1 0.422315 -0.695486 0.581256
1.18397 -0.003937 1.62958 1 0 0.422315 0.695486 0.581286
1.00714 -0.003937 1.74441 0 0 0.359233 0.695486 0.622242
-1.19256 -0.006762 -1.07379 1 1 0.516404 -0.719077 0.46498
-1.19256 -0.003937 -1.07379 1 0 0.516404 0.719077 0.46498
-1.29827 -0.003937 -0.94325 0 0 0.562181 0.719077 0.40846
-2.00324 -0.006762 0.210549 1 1 -0.71456 -0.695486 0.075076
-2.00324 -0.003937 0.210549 1 0 -0.71456 0.695486 0.075076
-2.01428 -0.003937 -0 0 0 -0.718497 0.695486 -0
1.46602 -0.006762 0.652708 1 1 -0.634846 -0.719077 -0.282632
1.46602 -0.003937 0.652708 1 0 -0.634846 0.719077 -0.282632
1.52621 -0.003937 0.495892 0 0 -0.660909 0.719077 -0.214728
1.84013 -0.006762 -0.819284 1 1 0.656392 -0.695486 -0.292245
1.84013 -0.003937 -0.819284 1 0 0.656362 0.695486 -0.292245
1.91569 -0.003937 -0.62245 0 0 0.68334 0.695486 -0.222022
-1.29827 -0.006762 0.943251 1 1 0.562181 -0.719077 -0.40846
-1.29827 -0.003937 0.943251 1 0 0.562181 0.719077 -0.40846
-1.19256 -0.003937 1.07379 0 0 0.516404 0.719077 -0.46498
-0.210549 -0.006762 2.00324 1 1 -0.075076 -0.695486 0.71456
-0.210549 -0.003937 2.00324 1 0 -0.075076 0.695486 0.71456
-0.418791 -0.003937 1.97026 0 0 -0.149358 0.695486 0.702811
0.943248 -0.006762 -1.29827 1 1 -0.40846 -0.719077 0.562181
0.943248 -0.003937 -1.29827 1 0 -0.40846 0.719077 0.562181
0.802374 -0.003937 -1.38976 0 0 -0.347453 0.719077 0.601825
-0.418793 -0.006762 -1.97026 1 1 -0.149358 -0.695486 -0.702811
-0.418793 -0.003937 -1.97026 1 0 -0.149358 0.695486 -0.70278
-0.210551 -0.003937 -2.00324 0 0 -0.075076 0.695486 -0.71456
1.00714 -0.006762 1.74441 1 1 0.359233 -0.695486 0.622242
1.00714 -0.003937 1.74441 1 0 0.359233 0.695486 0.622242
0.819287 -0.003937 1.84013 0 0 0.292245 0.695486 0.656392
-1.07379 -0.006762 -1.19256 1 1 0.46498 -0.719077 0.516404
-1.07379 -0.003937 -1.19256 1 0 0.46498 0.719077 0.516404
-1.19256 -0.003937 -1.07379 0 0 0.516404 0.719077 0.46498
-2.01428 -0.006762 -0 1 1 -0.718497 -0.695486 -0
-2.01428 -0.003937 -0 1 0 -0.718497 0.695486 -0
-2.00324 -0.003937 -0.210549 0 0 -0.71456 0.695486 -0.075076
1.38976 -0.006762 0.802372 1 1 -0.601825 -0.719077 -0.347453
1.38976 -0.003937 0.802372 1 0 -0.601825 0.719077 -0.347453
1.46602 -0.003937 0.652708 0 0 -0.634846 0.719077 -0.282632
1.91569 -0.006762 -0.62245 1 1 0.68334 -0.695486 -0.222022
1.91569 -0.003937 -0.62245 1 0 0.68334 0.695486 -0.222022
1.97026 -0.003937 -0.418796 0 0 0.702811 0.695486 -0.149388
-1.38976 -0.006762 0.802377 1 1 0.601825 -0.719077 -0.347453
-1.38976 -0.003937 0.802377 1 0 0.601825 0.719077 -0.347453
-1.29827 -0.003937 0.943251 0 0 0.562181 0.719077 -0.40846
-0.418791 -0.006762 1.97026 1 1 -0.149358 -0.695486 0.70278
-0.418791 -0.003937 1.97026 1 0 -0.149358 0.695486 0.702811
-0.622445 -0.003937 1.91569 0 0 -0.222022 0.695486 0.68334
1.07379 -0.006762 -1.19256 1 1 -0.46498 -0.719077 0.516404
1.07379 -0.003937 -1.19256 1 0 -0.46498 0.719077 0.516404
0.943248 -0.003937 -1.29827 0 0 -0.40846 0.719077 0.562181
-0.210551 -0.006762 -2.00324 1 1 -0.075076 -0.695486 -0.71456
-0.210551 -0.003937 -2.00324 1 0 -0.075076 0.695486 -0.71456
-2e-006 -0.003937 -2.01428 0 0 0 0.695486 -0.718497
